1.0000000000000000 206.4170194351422083 205.5956312281052192
2.0000000000000000 165.1135657823494967 164.4562920580260936
3.0000000000000000 132.0743526309896652 131.5490226186778386
4.0000000000000000 105.6459551475545595 105.2265426322784947
5.0000000000000000 84.5057119253507381 84.1712046971630201
6.0000000000000000 67.5955665118839306 67.3290320753831537
7.0000000000000000 54.0691391932691658 53.8569559922497518
8.0000000000000000 43.2493839315471860 43.0806111692718829
9.0000000000000000 34.5947140268519888 34.4605768320587771
10.0000000000000000 27.6719031106258626 27.5653731971629661
