TASMANIAN SG 4.0
WARNING: do not edit this manually
localpolynomial
3 1 1 1
localp
1 3 7 0 0 0 0 0 1 0 0 2 0 1 0 0 2 0 1 0 0 2 0 0
1  -8.11126688656566785e+02 -5.30393545614401773e-01 2.15003500529292069e-01 -5.30393551115366790e-01 2.15003491867605590e-01 -5.30393551111274064e-01 2.15003491642278277e-01
0
0
1 0
0 6 6 6 6 6 6 6
5 6 3 4 1 2
1 7 1 -8.11126688656566785e+02 -8.11657082202181186e+02 -8.10911685156037493e+02 -8.11657082207682151e+02 -8.10911685164699179e+02 -8.11657082207678059e+02 -8.10911685164924506e+02
custom
2.00000000000000011e-01 3.00000000000000000e+00
2.00000000000000011e-01 3.00000000000000000e+00
2.00000000000000011e-01 3.00000000000000000e+00
TASMANIAN SG end
