TASMANIAN SG 4.0
WARNING: do not edit this manually
localpolynomial
3 1 1 1
localp
1 3 7 0 0 0 0 0 1 0 0 2 0 1 0 0 2 0 1 0 0 2 0 0
1  -7.57197719945133485e+02 -6.79991726454431955e-01 2.66559075175109683e-01 -6.79991731531572441e-01 2.66559067593107102e-01 -6.79991731526570220e-01 2.66559067297748697e-01
0
0
1 0
0 6 6 6 6 6 6 6
5 6 3 4 1 2
1 7 1 -7.57197719945133485e+02 -7.57877711671587917e+02 -7.56931160869958376e+02 -7.57877711676665058e+02 -7.56931160877540378e+02 -7.57877711676660056e+02 -7.56931160877835737e+02
custom
2.00000000000000011e-01 3.00000000000000000e+00
2.00000000000000011e-01 3.00000000000000000e+00
2.00000000000000011e-01 3.00000000000000000e+00
TASMANIAN SG end
