TASMANIAN SG 4.0
WARNING: do not edit this manually
localpolynomial
3 1 1 1
localp
1 3 7 0 0 0 0 0 1 0 0 2 0 1 0 0 2 0 1 0 0 2 0 0
1  -3.68327026492176344e+02 -1.83706794709422638e+00 6.16303343738479725e-01 -1.83706794889275216e+00 6.16303345259382240e-01 -1.83706794887996239e+00 6.16303344388200003e-01
0
0
1 0
0 6 6 6 6 6 6 6
5 6 3 4 1 2
1 7 1 -3.68327026492176344e+02 -3.70164094439270571e+02 -3.67710723148437864e+02 -3.70164094441069096e+02 -3.67710723146916962e+02 -3.70164094441056307e+02 -3.67710723147788144e+02
custom
2.00000000000000011e-01 3.00000000000000000e+00
2.00000000000000011e-01 3.00000000000000000e+00
2.00000000000000011e-01 3.00000000000000000e+00
TASMANIAN SG end
