TASMANIAN SG 4.0
WARNING: do not edit this manually
localpolynomial
3 1 1 1
localp
1 3 7 0 0 0 0 0 1 0 0 2 0 1 0 0 2 0 1 0 0 2 0 0
1  -2.03590449258747270e+02 -2.35521531809527573e+00 7.54962079960051824e-01 -2.35521531906326231e+00 7.54962077819527622e-01 -2.35521531904683457e+00 7.54962077832516343e-01
0
0
1 0
0 6 6 6 6 6 6 6
5 6 3 4 1 2
1 7 1 -2.03590449258747270e+02 -2.05945664576842546e+02 -2.02835487178787218e+02 -2.05945664577810533e+02 -2.02835487180927743e+02 -2.05945664577794105e+02 -2.02835487180914754e+02
custom
2.00000000000000011e-01 3.00000000000000000e+00
2.00000000000000011e-01 3.00000000000000000e+00
2.00000000000000011e-01 3.00000000000000000e+00
TASMANIAN SG end
