TASMANIAN SG 4.0
WARNING: do not edit this manually
localpolynomial
3 1 1 1
localp
1 3 7 0 0 0 0 0 1 0 0 2 0 1 0 0 2 0 1 0 0 2 0 0
1  -9.16361780492997468e+02 -2.51699315422229120e-01 1.11683338215243566e-01 -2.51699321712635538e-01 1.11683327653622655e-01 -2.51699321710475488e-01 1.11683327553237177e-01
0
0
1 0
0 6 6 6 6 6 6 6
5 6 3 4 1 2
1 7 1 -9.16361780492997468e+02 -9.16613479808419697e+02 -9.16250097154782225e+02 -9.16613479814710104e+02 -9.16250097165343846e+02 -9.16613479814707944e+02 -9.16250097165444231e+02
custom
2.00000000000000011e-01 3.00000000000000000e+00
2.00000000000000011e-01 3.00000000000000000e+00
2.00000000000000011e-01 3.00000000000000000e+00
TASMANIAN SG end
