TASMANIAN SG 4.0
WARNING: do not edit this manually
localpolynomial
3 1 1 1
localp
1 3 7 0 0 0 0 0 1 0 0 2 0 1 0 0 2 0 1 0 0 2 0 0
1  -8.88764554052971107e+02 -3.22691431336238566e-01 1.39149881993716917e-01 -3.22691437425532968e-01 1.39149871898439415e-01 -3.22691437422918170e-01 1.39149871767017430e-01
0
0
1 0
0 6 6 6 6 6 6 6
5 6 3 4 1 2
1 7 1 -8.88764554052971107e+02 -8.89087245484307346e+02 -8.88625404170977390e+02 -8.89087245490396640e+02 -8.88625404181072668e+02 -8.89087245490394025e+02 -8.88625404181204090e+02
custom
2.00000000000000011e-01 3.00000000000000000e+00
2.00000000000000011e-01 3.00000000000000000e+00
2.00000000000000011e-01 3.00000000000000000e+00
TASMANIAN SG end
