TASMANIAN SG 4.0
WARNING: do not edit this manually
localpolynomial
3 1 1 1
localp
1 3 7 0 0 0 0 0 1 0 0 2 0 1 0 0 2 0 1 0 0 2 0 0
1  -6.89774179531356367e+02 -8.71784265993142071e-01 3.29831343458863557e-01 -8.71784270526745786e-01 3.29831337304426597e-01 -8.71784270520493010e-01 3.29831336917322915e-01
0
0
1 0
0 6 6 6 6 6 6 6
5 6 3 4 1 2
1 7 1 -6.89774179531356367e+02 -6.90645963797349509e+02 -6.89444348187897504e+02 -6.90645963801883113e+02 -6.89444348194051940e+02 -6.90645963801876860e+02 -6.89444348194439044e+02
custom
2.00000000000000011e-01 3.00000000000000000e+00
2.00000000000000011e-01 3.00000000000000000e+00
2.00000000000000011e-01 3.00000000000000000e+00
TASMANIAN SG end
