TASMANIAN SG 4.0
WARNING: do not edit this manually
localpolynomial
3 1 1 1
localp
1 3 7 0 0 0 0 0 1 0 0 2 0 1 0 0 2 0 1 0 0 2 0 0
1  -8.54262170002434459e+02 -4.13706964559310109e-01 1.73109421353274229e-01 -4.13706970390762763e-01 1.73109411875202568e-01 -4.13706970387465844e-01 1.73109411703194382e-01
0
0
1 0
0 6 6 6 6 6 6 6
5 6 3 4 1 2
1 7 1 -8.54262170002434459e+02 -8.54675876966993769e+02 -8.54089060581081185e+02 -8.54675876972825222e+02 -8.54089060590559257e+02 -8.54675876972821925e+02 -8.54089060590731265e+02
custom
2.00000000000000011e-01 3.00000000000000000e+00
2.00000000000000011e-01 3.00000000000000000e+00
2.00000000000000011e-01 3.00000000000000000e+00
TASMANIAN SG end
