TASMANIAN SG 4.0
WARNING: do not edit this manually
localpolynomial
3 1 1 1
localp
1 3 7 0 0 0 0 0 1 0 0 2 0 1 0 0 2 0 1 0 0 2 0 0
1  2.37297675088208448e+00 -3.01950681937868204e+00 9.21796562676449494e-01 -3.01950681928184927e+00 9.21796562679671805e-01 -3.01950681926080833e+00 9.21796562697164479e-01
0
0
1 0
0 6 6 6 6 6 6 6
5 6 3 4 1 2
1 7 1 2.37297675088208448e+00 -6.46530068496597776e-01 3.29477331355853398e+00 -6.46530068399765012e-01 3.29477331356175629e+00 -6.46530068378723621e-01 3.29477331357924896e+00
custom
2.00000000000000011e-01 3.00000000000000000e+00
2.00000000000000011e-01 3.00000000000000000e+00
2.00000000000000011e-01 3.00000000000000000e+00
TASMANIAN SG end
