TASMANIAN SG 4.0
WARNING: do not edit this manually
localpolynomial
3 1 1 1
localp
1 3 7 0 0 0 0 0 1 0 0 2 0 1 0 0 2 0 1 0 0 2 0 0
1  -6.05478946931461451e+02 -1.11767213719645042e+00 4.07246947710291352e-01 -1.11767214103326751e+00 4.07246943442942211e-01 -1.11767214102542312e+00 4.07246942935557854e-01
0
0
1 0
0 6 6 6 6 6 6 6
5 6 3 4 1 2
1 7 1 -6.05478946931461451e+02 -6.06596619068657901e+02 -6.05071699983751159e+02 -6.06596619072494718e+02 -6.05071699988018509e+02 -6.06596619072486874e+02 -6.05071699988525893e+02
custom
2.00000000000000011e-01 3.00000000000000000e+00
2.00000000000000011e-01 3.00000000000000000e+00
2.00000000000000011e-01 3.00000000000000000e+00
TASMANIAN SG end
