TASMANIAN SG 4.0
WARNING: do not edit this manually
localpolynomial
3 1 1 1
localp
1 3 7 0 0 0 0 0 1 0 0 2 0 1 0 0 2 0 1 0 0 2 0 0
1  -5.00089640690985561e+02 -1.43291299771340164e+00 5.01644010943380181e-01 -1.43291300065709493e+00 5.01644009169694982e-01 -1.43291300064697680e+00 5.01644008504854355e-01
0
0
1 0
0 6 6 6 6 6 6 6
5 6 3 4 1 2
1 7 1 -5.00089640690985561e+02 -5.01522553688698963e+02 -4.99587996680042181e+02 -5.01522553691642656e+02 -4.99587996681815866e+02 -5.01522553691632538e+02 -4.99587996682480707e+02
custom
2.00000000000000011e-01 3.00000000000000000e+00
2.00000000000000011e-01 3.00000000000000000e+00
2.00000000000000011e-01 3.00000000000000000e+00
TASMANIAN SG end
