1.0000000000000000 138.2190495051567893 137.0863877464028064
2.0000000000000000 110.0688739252934170 109.6836666833590925
3.0000000000000000 88.0477526574252920 87.7401410941857165
4.0000000000000000 70.4323170954647253 70.1865887071017340
5.0000000000000000 56.3410885724377408 56.1450734683553065
6.0000000000000000 45.0690600115062807 44.9124636733042593
7.0000000000000000 36.0521664819728471 35.9272817232562360
8.0000000000000000 28.8392597855884105 28.7395629239286841
9.0000000000000000 23.0694223812998871 22.9898721356433917
10.0000000000000000 18.4539416722027454 18.3904763826676394
