TASMANIAN SG 4.0
WARNING: do not edit this manually
localpolynomial
2 1 1 4
localp
1 2 55 0 0 0 1 0 2 0 3 0 4 0 5 0 6 0 7 0 8 0 9 0 10 0 11 0 12 0 13 0 14 0 15 0 16 1 0 1 1 1 2 1 3 1 4 1 5 1 6 1 7 1 8 2 0 2 1 2 2 2 3 2 4 2 5 2 6 2 7 2 8 3 0 3 1 3 2 3 3 3 4 4 0 4 1 4 2 4 3 4 4 5 0 5 1 5 2 6 0 6 1 6 2 7 0 7 1 8 0 8 1
1  -5.69435871027764961e+02 -5.01523216477721689e-01 1.56617920860071536e-01 1.00647996358929959e-01 1.41806718560246736e-02 5.70301128394703483e-02 1.04347713026982092e-02 4.79306759211794997e-03 2.52036028018665093e-03 2.45067090304473822e-02 6.27678305795598135e-03 2.86540039712690486e-03 2.19384155468560493e-03 1.35048708386875660e-03 1.02847276411921484e-03 7.11167972781368007e-04 5.53233637447192450e-04 -5.04553658041231756e-01 -2.83728900391110983e-01 6.14287374248760898e-02 7.73988983044660017e-02 5.07033329904515995e-03 4.02280193058572877e-02 6.17339946063566458e-03 1.74553572759350573e-03 8.54754710474026069e-04 1.58104960283367291e-01 6.14287382296652140e-02 -9.91250892263906280e-03 -1.71097840336074114e-02 -1.05045531512359958e-03 -1.18656303744728575e-02 -1.97347418981053124e-03 -4.75902559571750317e-04 -1.64725709737467696e-04 1.01374291310435183e-01 7.73988982849687090e-02 -1.71097835724367542e-02 -1.77290653863622083e-02 -1.79562987625558890e-03 1.42731641230966488e-02 5.07033292257119683e-03 -8.65964652405182278e-04 -1.79562960545354144e-03 -5.55880450860968267e-05 5.73695893210697250e-02 4.02280192754460586e-02 -1.18656296947392548e-02 1.07545373625725915e-02 6.17339944460582046e-03 -1.97347398932379292e-03 4.84205264581305528e-03 1.74553572023228298e-03 2.58224501305903686e-03 8.54754416565128849e-04
0
0
1 0
0 4 5 6 8 10 12 14 16 18 18 18 18 18 18 18 18 18 21 22 23 25 27 27 27 27 27 30 31 32 34 36 36 36 36 36 40 41 42 42 42 46 47 48 48 48 50 50 50 52 52 52 53 53 54 54
17 26 1 2 3 4 5 6 7 8 9 10 11 12 13 14 15 16 35 18 19 20 21 22 23 24 25 40 27 28 29 30 31 32 33 34 45 48 36 37 38 39 51 53 41 42 43 44 46 47 49 50 52 54
1 55 1 -5.69435871027764961e+02 -5.69937394244242682e+02 -5.69279253106904889e+02 -5.69585984639644948e+02 -5.69343381395478900e+02 -5.69704659329104288e+02 -5.69500493062402256e+02 -5.69384833144029699e+02 -5.69308796890911708e+02 -5.69796520077642981e+02 -5.69639045201316549e+02 -5.69540373450626475e+02 -5.69465988203528923e+02 -5.69409001598813461e+02 -5.69363078796990294e+02 -5.69325377975222523e+02 -5.69293471765270851e+02 -5.69940424685806192e+02 -5.70725676802675025e+02 -5.69722378027521245e+02 -5.70155003849577270e+02 -5.69812150351508649e+02 -5.70343082193980763e+02 -5.70031106096928397e+02 -5.69869748915337595e+02 -5.69763889074524286e+02 -5.69277766067481593e+02 -5.69717860545729650e+02 -5.69131060655544161e+02 -5.69414275094280356e+02 -5.69191283144971976e+02 -5.69520903337539949e+02 -5.69337559283768087e+02 -5.69230207441194239e+02 -5.69158816265687619e+02 -5.69586773565475141e+02 -5.70152762333863393e+02 -5.69416551059475069e+02 -5.69748149569544580e+02 -5.69486742103845813e+02 -5.69342545383500237e+02 -5.69808283897940555e+02 -5.69191749681753890e+02 -5.69485117165983638e+02 -5.69253547676473659e+02 -5.69706229536319597e+02 -5.70341621959672693e+02 -5.69523960583871713e+02 -5.69500567759257478e+02 -5.70028150352245916e+02 -5.69339121019816730e+02 -5.69384366152986786e+02 -5.69866251482725602e+02 -5.69307573480477799e+02 -5.69759635222405450e+02
custom
2.00000000000000011e-01 3.00000000000000000e+00
2.00000000000000011e-01 3.00000000000000000e+00
TASMANIAN SG end
