TASMANIAN SG 4.0
WARNING: do not edit this manually
localpolynomial
2 1 1 4
localp
1 2 55 0 0 0 1 0 2 0 3 0 4 0 5 0 6 0 7 0 8 0 9 0 10 0 11 0 12 0 13 0 14 0 15 0 16 1 0 1 1 1 2 1 3 1 4 1 5 1 6 1 7 1 8 2 0 2 1 2 2 2 3 2 4 2 5 2 6 2 7 2 8 3 0 3 1 3 2 3 3 3 4 4 0 4 1 4 2 4 3 4 4 5 0 5 1 5 2 6 0 6 1 6 2 7 0 7 1 8 0 8 1
1  -5.92446289716727620e+02 -3.95635400488231426e-01 1.25518939951120956e-01 7.86448878230885384e-02 1.12658611891447435e-02 4.46203531186029068e-02 8.15030489798118651e-03 3.77662614869223034e-03 2.01426959608852485e-03 1.90452132617338066e-02 4.89511311639034830e-03 2.22544046937400708e-03 1.72172507109280559e-03 1.05769530080124241e-03 8.16586536643626459e-04 5.68676231409881439e-04 4.42035718265287869e-04 -3.98297225735973370e-01 -2.20035108408978886e-01 4.84186789902878445e-02 5.89587889144809196e-02 4.03616718364219196e-03 3.02572399229461553e-02 4.84331448501507111e-03 1.39751660390174948e-03 6.77108387606040196e-04 1.26811006154298411e-01 4.84186795389405233e-02 -8.01025444945935305e-03 -1.35180445298033192e-02 -8.50536089672004891e-04 -9.39348763228053940e-03 -1.51876352572344331e-03 -3.79346598947449820e-04 -1.34449565223349055e-04 7.92696557067529284e-02 5.89587888998153176e-02 -1.35180442039768423e-02 -1.29935929642215342e-02 -1.42692028566671070e-03 1.13312388367603489e-02 4.03616693080266487e-03 -6.87869742421298724e-04 -1.42692009853817581e-03 -4.20353504182457982e-05 4.49215317518110169e-02 3.02572399006351134e-02 -9.39348713117738043e-03 8.43656720462604426e-03 4.84331447384533931e-03 -1.51876339171508334e-03 3.81991420044869301e-03 1.39751659983744503e-03 2.06457114529712271e-03 6.77108196526887696e-04
0
0
1 0
0 4 5 6 8 10 12 14 16 18 18 18 18 18 18 18 18 18 21 22 23 25 27 27 27 27 27 30 31 32 34 36 36 36 36 36 40 41 42 42 42 46 47 48 48 48 50 50 50 52 52 52 53 53 54 54
17 26 1 2 3 4 5 6 7 8 9 10 11 12 13 14 15 16 35 18 19 20 21 22 23 24 25 40 27 28 29 30 31 32 33 34 45 48 36 37 38 39 51 53 41 42 43 44 46 47 49 50 52 54
1 55 1 -5.92446289716727620e+02 -5.92841925117215851e+02 -5.92320770776776499e+02 -5.92565462529148590e+02 -5.92372264385562858e+02 -5.92659073470063731e+02 -5.92497725818040180e+02 -5.92405500424996490e+02 -5.92344503311573703e+02 -5.92731454080377944e+02 -5.92607372886489770e+02 -5.92529368733125011e+02 -5.92470286042312864e+02 -5.92424837375561310e+02 -5.92388065818743144e+02 -5.92357815172336927e+02 -5.92332195008456665e+02 -5.92844586942463593e+02 -5.93460257451360803e+02 -5.92670649323522184e+02 -5.93014818520174686e+02 -5.92742316104620045e+02 -5.93162660392726139e+02 -5.92916709111936143e+02 -5.92788277380789282e+02 -5.92703791336087420e+02 -5.92319478710573321e+02 -5.92666695431522612e+02 -5.92201970025071660e+02 -5.92427960227754738e+02 -5.92250309042722961e+02 -5.92512100964152410e+02 -5.92367087927791772e+02 -5.92281496597098453e+02 -5.92224259713866559e+02 -5.92566168673888797e+02 -5.93012862839681702e+02 -5.92429958438646509e+02 -5.92694385067469284e+02 -5.92486206531772496e+02 -5.92371552974813767e+02 -5.92738942868601612e+02 -5.92250727031829683e+02 -5.92484788976247955e+02 -5.92300341445527806e+02 -5.92660456276424384e+02 -5.93161381373868835e+02 -5.92514775836463741e+02 -5.92497792628103639e+02 -5.92914114096770277e+02 -5.92368446803898564e+02 -5.92405101431570301e+02 -5.92785216562108531e+02 -5.92343451271548133e+02 -5.92700077470720316e+02
custom
2.00000000000000011e-01 3.00000000000000000e+00
2.00000000000000011e-01 3.00000000000000000e+00
TASMANIAN SG end
