TASMANIAN SG 4.0
WARNING: do not edit this manually
localpolynomial
2 1 1 4
localp
1 2 55 0 0 0 1 0 2 0 3 0 4 0 5 0 6 0 7 0 8 0 9 0 10 0 11 0 12 0 13 0 14 0 15 0 16 1 0 1 1 1 2 1 3 1 4 1 5 1 6 1 7 1 8 2 0 2 1 2 2 2 3 2 4 2 5 2 6 2 7 2 8 3 0 3 1 3 2 3 3 3 4 4 0 4 1 4 2 4 3 4 4 5 0 5 1 5 2 6 0 6 1 6 2 7 0 7 1 8 0 8 1
1  -5.40670114359640706e+02 -6.35732602739949471e-01 1.95363347369379881e-01 1.28820853017828085e-01 1.78312243673417470e-02 7.28464819626424287e-02 1.33552168246069414e-02 6.07556156558075600e-03 3.15382358235183347e-03 3.15343686138476187e-02 8.05252670534173376e-03 3.69150831613751507e-03 2.79395679535809904e-03 1.72412165034074860e-03 1.29260384744611656e-03 8.89219899363524746e-04 6.92235079441161361e-04 -6.39129266837358045e-01 -3.65797024954986227e-01 7.79571541303312188e-02 1.01541484183769626e-01 6.37717416947225502e-03 5.34845165033743797e-02 7.85408689000632876e-03 2.18338867148304416e-03 1.07934629050987496e-03 1.97045958357421114e-01 7.79571553160849362e-02 -1.22463718948893074e-02 -2.16600868225782506e-02 -1.28936115504529880e-03 -1.49283917139655387e-02 -2.57102365952732725e-03 -5.92700767640508275e-04 -2.01689617313149938e-04 1.29653855235460469e-01 1.01541484157621653e-01 -2.16600861681968127e-02 -2.41903639943643611e-02 -2.25550973055987924e-03 1.79578405950451270e-02 6.37717360689293855e-03 -1.08670013560185907e-03 -2.25550933910767526e-03 -7.39347063927198178e-05 7.32218928304746441e-02 5.34845164629871306e-02 -1.49283907911410552e-02 1.37040661934406671e-02 7.85408686689947899e-03 -2.57102336072989601e-03 6.13064044694056065e-03 2.18338865892064860e-03 3.22662295286590961e-03 1.07934583724045297e-03
0
0
1 0
0 4 5 6 8 10 12 14 16 18 18 18 18 18 18 18 18 18 21 22 23 25 27 27 27 27 27 30 31 32 34 36 36 36 36 36 40 41 42 42 42 46 47 48 48 48 50 50 50 52 52 52 53 53 54 54
17 26 1 2 3 4 5 6 7 8 9 10 11 12 13 14 15 16 35 18 19 20 21 22 23 24 25 40 27 28 29 30 31 32 33 34 45 48 36 37 38 39 51 53 41 42 43 44 46 47 49 50 52 54
1 55 1 -5.40670114359640706e+02 -5.41305846962380656e+02 -5.40474751012271327e+02 -5.40859159807992910e+02 -5.40554601461588732e+02 -5.41009656903224140e+02 -5.40751281866992144e+02 -5.40606282349049025e+02 -5.40511522413347620e+02 -5.41126217564188551e+02 -5.40926355828903070e+02 -5.40801529329176446e+02 -5.40707904156521181e+02 -5.40636474232694468e+02 -5.40579149301471489e+02 -5.40532172717568869e+02 -5.40492444477730032e+02 -5.41309243626478064e+02 -5.42310773254173000e+02 -5.41035923124978353e+02 -5.41579646103123991e+02 -5.41148374977191452e+02 -5.41818878680182479e+02 -5.41423235561086358e+02 -5.41220550351597694e+02 -5.41087915881211984e+02 -5.40473068401283285e+02 -5.41030843848707150e+02 -5.40289951425808795e+02 -5.40644795358799911e+02 -5.40364968050333800e+02 -5.40779901513504910e+02 -5.40548147686876632e+02 -5.40413535365010603e+02 -5.40324507604106316e+02 -5.40860025137823982e+02 -5.41577114768883803e+02 -5.40647343299557519e+02 -5.41063168722238515e+02 -5.40734919916969147e+02 -5.40553633539866951e+02 -5.41144010391342022e+02 -5.40365480078580617e+02 -5.40733086665337055e+02 -5.40442444200140471e+02 -5.41011412489320605e+02 -5.41817237602234854e+02 -5.40783339710228574e+02 -5.40751365682538903e+02 -5.41419922712571861e+02 -5.40549914113081741e+02 -5.40605743309306945e+02 -5.41216614647755478e+02 -5.40510124347622195e+02 -5.41083121151234536e+02
custom
2.00000000000000011e-01 3.00000000000000000e+00
2.00000000000000011e-01 3.00000000000000000e+00
TASMANIAN SG end
