1.0000000000000000 137.5975211275742254 137.1277809991067613
2.0000000000000000 110.0688488610468596 109.6838476221223146
3.0000000000000000 88.0477323706147104 87.7402893370132659
4.0000000000000000 70.4322794590465264 70.1867992479716492
5.0000000000000000 56.3410922969042645 56.1450236297867988
6.0000000000000000 45.0690421613909962 44.9126605116591548
7.0000000000000000 36.0521696031543684 35.9272566966366256
8.0000000000000000 28.8392580081788310 28.7396546505167798
9.0000000000000000 23.0694252380842499 22.9898904594330844
10.0000000000000000 18.4539385928009096 18.3905361794318978
11.0000000000000000 14.7618657299342431 14.7112755146380838
12.0000000000000000 11.8084649838663154 11.7681010022185042
13.0000000000000000 9.4459403748554678 9.4137774659502416
14.0000000000000000 7.5560851978626715 7.5304346860161759
15.0000000000000000 6.0443348225530826 6.0238869342332073
16.0000000000000000 4.8350365054877784 4.8187389151735553
17.0000000000000000 3.8676832857101999 3.8546974856789076
18.0000000000000000 3.0938692163222186 3.0835231291551550
19.0000000000000000 2.4748725926408497 2.4666311376496703
20.0000000000000000 1.9797191983039966 1.9731554668351383
