TASMANIAN SG 4.0
WARNING: do not edit this manually
localpolynomial
2 1 1 4
localp
1 2 55 0 0 0 1 0 2 0 3 0 4 0 5 0 6 0 7 0 8 0 9 0 10 0 11 0 12 0 13 0 14 0 15 0 16 1 0 1 1 1 2 1 3 1 4 1 5 1 6 1 7 1 8 2 0 2 1 2 2 2 3 2 4 2 5 2 6 2 7 2 8 3 0 3 1 3 2 3 3 3 4 4 0 4 1 4 2 4 3 4 4 5 0 5 1 5 2 6 0 6 1 6 2 7 0 7 1 8 0 8 1
1  -4.03555185288754274e+02 -1.29461469160065690e+00 3.78527510352569152e-01 2.70392690768289867e-01 3.52377496009239621e-02 1.51208504363921747e-01 2.79158459163113548e-02 1.22447639744223125e-02 6.18178733475360787e-03 6.71864262745884844e-02 1.70714914976315413e-02 7.89919438312836064e-03 5.75780253137736509e-03 3.57186720054869511e-03 2.53257811243656761e-03 1.74409104681672034e-03 1.34859107663487521e-03 -1.29658215242636743e+00 -7.83188130154201190e-01 1.59567229392621357e-01 2.28326967768083477e-01 1.27950587178986552e-02 1.25697507224884930e-01 1.59877420504699330e-02 4.34273420688668921e-03 2.17320292406952831e-03 3.80577491626127085e-01 1.59567233292989386e-01 -2.28702233620197148e-02 -4.41636161060330323e-02 -2.27429350275087927e-03 -2.88372220597636897e-02 -5.76236243472294518e-03 -1.06114395535428230e-03 -3.72448349850174054e-04 2.71582373231012753e-01 2.28326967704902017e-01 -4.41636141904950819e-02 -6.14486019473616807e-02 -4.46780337991015131e-03 3.54780748273242352e-02 1.27950567948005300e-02 -2.05705592509275448e-03 -4.46780219648701404e-03 -1.67814942500399411e-04 1.51609283033621978e-01 1.25697507130070107e-01 -2.88372197485671222e-02 2.79461988624234436e-02 1.59877419805809495e-02 -5.76236146562791873e-03 1.23145434974389900e-02 4.34273414737162966e-03 6.26327267258375286e-03 2.17320122573028129e-03
0
0
1 0
0 4 5 6 8 10 12 14 16 18 18 18 18 18 18 18 18 18 21 22 23 25 27 27 27 27 27 30 31 32 34 36 36 36 36 36 40 41 42 42 42 46 47 48 48 48 50 50 50 52 52 52 53 53 54 54
17 26 1 2 3 4 5 6 7 8 9 10 11 12 13 14 15 16 35 18 19 20 21 22 23 24 25 40 27 28 29 30 31 32 33 34 45 48 36 37 38 39 51 53 41 42 43 44 46 47 49 50 52 54
1 55 1 -4.03555185288754274e+02 -4.04849799980354931e+02 -4.03176657778401704e+02 -4.03932099943786284e+02 -4.03330683783977065e+02 -4.04239741457706714e+02 -4.03715726770353967e+02 -4.03430689772391247e+02 -4.03247488993854631e+02 -4.04477584292756205e+02 -4.04068849209248924e+02 -4.03816014162686997e+02 -4.03629698227022743e+02 -4.03489365663372155e+02 -4.03378154200071776e+02 -4.03287342297869031e+02 -4.03210724795051590e+02 -4.04851767441180641e+02 -4.06929570262935499e+02 -4.04313672701435451e+02 -4.05391949193521725e+02 -4.04534687262989223e+02 -4.05883853716639805e+02 -4.05077954729384373e+02 -4.04676639853903623e+02 -4.04415824991953514e+02 -4.03174607797128147e+02 -4.04309655255435814e+02 -4.02818950510137597e+02 -4.03515902451619752e+02 -4.02963815697534699e+02 -4.03790407571223625e+02 -4.03323101640892332e+02 -4.03058028127312355e+02 -4.02885573764851245e+02 -4.03931893991736445e+02 -4.05389775780709272e+02 -4.03517746480878031e+02 -4.04337727313517917e+02 -4.03687652760727303e+02 -4.03329418468113886e+02 -4.04531454486273219e+02 -4.02964383125367419e+02 -4.03686593396674766e+02 -4.03112968008833604e+02 -4.04240221433424892e+02 -4.05882366231658693e+02 -4.03792937527871743e+02 -4.03715593441382907e+02 -4.05075853939689125e+02 -4.03325018292243044e+02 -4.03429987334936641e+02 -4.04673969955669293e+02 -4.03245749859948432e+02 -4.04412118396956203e+02
custom
2.00000000000000011e-01 3.00000000000000000e+00
2.00000000000000011e-01 3.00000000000000000e+00
TASMANIAN SG end
