TASMANIAN SG 4.0
WARNING: do not edit this manually
localpolynomial
2 1 1 4
localp
1 2 55 0 0 0 1 0 2 0 3 0 4 0 5 0 6 0 7 0 8 0 9 0 10 0 11 0 12 0 13 0 14 0 15 0 16 1 0 1 1 1 2 1 3 1 4 1 5 1 6 1 7 1 8 2 0 2 1 2 2 2 3 2 4 2 5 2 6 2 7 2 8 3 0 3 1 3 2 3 3 3 4 4 0 4 1 4 2 4 3 4 4 5 0 5 1 5 2 6 0 6 1 6 2 7 0 7 1 8 0 8 1
1  -3.33299448223177762e+02 -1.64082505241162835e+00 4.71652679716214607e-01 3.46383816395075428e-01 4.41387994048341170e-02 1.92603142084976753e-01 3.56442335256588194e-02 1.53974440129331924e-02 7.73130256658305370e-03 8.64531191901392049e-02 2.19682034908714741e-02 1.01684377854667218e-02 7.32460534271694996e-03 4.53976373501063790e-03 3.15697820440163923e-03 2.18796440174173767e-03 1.67870449888596340e-03 -1.64207717481718873e+00 -1.00918801529559232e+00 2.02667090043803455e-01 2.98677963938899893e-01 1.61811055454847974e-02 1.67119166676400255e-01 2.01834197054893139e-02 5.50522478454240627e-03 2.74332894159101670e-03 4.73648524519660441e-01 2.02667095900949334e-01 -2.81004374497229037e-02 -5.61803903910060853e-02 -2.70458596602907164e-03 -3.54461868432736082e-02 -7.56503414245912609e-03 -1.23801353078079046e-03 -4.58442716393392402e-04 3.47612544959758907e-01 2.98677963853748452e-01 -5.61803876325086549e-02 -8.38433311203630183e-02 -5.64201713410739103e-03 4.44094363912768131e-02 1.61811026278826375e-02 -2.52599674567477450e-03 -5.64201542186992810e-03 -2.15618648866211515e-04 1.92949433346029764e-01 1.67119166550278919e-01 -3.54461837047637118e-02 3.54707896590866767e-02 2.01834196045496128e-02 -7.56503271686881362e-03 1.54812636294536787e-02 5.50522468513747754e-03 7.80129939306561937e-03 2.74332628673334966e-03
0
0
1 0
0 4 5 6 8 10 12 14 16 18 18 18 18 18 18 18 18 18 21 22 23 25 27 27 27 27 27 30 31 32 34 36 36 36 36 36 40 41 42 42 42 46 47 48 48 48 50 50 50 52 52 52 53 53 54 54
17 26 1 2 3 4 5 6 7 8 9 10 11 12 13 14 15 16 35 18 19 20 21 22 23 24 25 40 27 28 29 30 31 32 33 34 45 48 36 37 38 39 51 53 41 42 43 44 46 47 49 50 52 54
1 55 1 -3.33299448223177762e+02 -3.34940273275589391e+02 -3.32827795543461548e+02 -3.33773476932988501e+02 -3.33019483083914793e+02 -3.34164271962203941e+02 -3.33500818344557445e+02 -3.33144068209533316e+02 -3.32915908011121587e+02 -3.34465819499706527e+02 -3.33946906244105321e+02 -3.33626979200987535e+02 -3.33392808678524943e+02 -3.33217218452620557e+02 -3.33078618668519709e+02 -3.32965507583116505e+02 -3.32870173072792625e+02 -3.34941525397994951e+02 -3.37591538465702172e+02 -3.34267205628234933e+02 -3.35621470151514586e+02 -3.34544045608164652e+02 -3.36246781999847030e+02 -3.35225670121523592e+02 -3.34721882834282269e+02 -3.34395150986691590e+02 -3.32825799698658102e+02 -3.34263957655168781e+02 -3.32382247456391610e+02 -3.33254675250909372e+02 -3.32562589364086080e+02 -3.33602159497797402e+02 -3.33012158275400566e+02 -3.32680035100889882e+02 -3.32465145550388627e+02 -3.33772874265626569e+02 -3.35619615361832302e+02 -3.33256068428520962e+02 -3.34284365346485288e+02 -3.33467884012030311e+02 -3.33018214524526627e+02 -3.34541524926359898e+02 -3.32563138060280949e+02 -3.33467218119665574e+02 -3.32748105404630849e+02 -3.34164250398464731e+02 -3.36245508313870914e+02 -3.33604133778736696e+02 -3.33500690454743108e+02 -3.35224290109447224e+02 -3.33014026229049023e+02 -3.33143350110222741e+02 -3.34719912612660039e+02 -3.32914205812199270e+02 -3.34392196665084555e+02
custom
2.00000000000000011e-01 3.00000000000000000e+00
2.00000000000000011e-01 3.00000000000000000e+00
TASMANIAN SG end
