TASMANIAN SG 4.0
WARNING: do not edit this manually
localpolynomial
2 1 1 4
localp
1 2 57 0 0 0 1 0 2 0 3 0 4 0 5 0 6 0 7 0 8 0 9 0 10 0 11 0 12 0 13 0 14 0 15 0 16 1 0 1 1 1 2 1 3 1 4 1 5 1 6 1 7 1 8 2 0 2 1 2 2 2 3 2 4 2 5 2 6 2 7 2 8 3 0 3 1 3 2 3 3 3 4 4 0 4 1 4 2 4 3 4 4 5 0 5 1 5 2 6 0 6 1 6 2 7 0 7 1 7 2 8 0 8 1 8 2
1  -6.60341409276885315e+02 -9.52927833118337730e-02 3.30518008688613918e-02 1.79067139951030185e-02 2.77807803195173619e-03 1.01198185694784115e-02 1.84686765044261847e-03 8.92696804385195719e-04 5.20575739074047306e-04 4.19556567430845462e-03 1.10818098301024293e-03 4.97572395261158817e-04 3.97614378243815736e-04 2.45914802462721127e-04 1.98030702563301020e-04 1.45790452734217979e-04 1.14870859533766634e-04 -9.61548689288065361e-02 -4.76615790698815545e-02 1.16804586361922702e-02 1.13840906232098860e-02 1.03936314292241150e-03 5.47819320632925155e-03 1.08954369380853677e-03 3.68020508062727458e-04 1.69549551173986401e-04 3.34651105059720066e-02 1.16804586948546785e-02 -2.17557796827350103e-03 -3.25669379299142747e-03 -2.22735422653386195e-04 -2.17223270357180809e-03 -3.32415361924631725e-04 -9.15687776341655990e-05 -3.81433502525396761e-05 1.81563852426052108e-02 1.13840906202540282e-02 -3.25669374774406606e-03 -2.01367018684095456e-03 -3.39188246641697333e-04 2.77163826808646263e-03 1.03936311842289797e-03 -1.71616376007932558e-04 -3.39188225069619875e-04 -1.13824341099189041e-05 1.02218257542290303e-02 5.47819320223652539e-03 -2.17223262353627433e-03 1.94369559005735937e-03 1.08954369221692104e-03 -3.32415351806503168e-04 9.02914885045902338e-04 3.68020507579558398e-04 -1.97153557621732034e-05 5.26928668932669098e-04 1.69549535513624505e-04 -1.39862779349186894e-05
0
0
1 0
0 4 5 6 8 10 12 14 16 18 18 18 18 18 18 18 18 18 21 22 23 25 27 27 27 27 27 30 31 32 34 36 36 36 36 36 40 41 42 42 42 46 47 48 48 48 50 50 50 52 52 52 54 54 54 56 56 56
17 26 1 2 3 4 5 6 7 8 9 10 11 12 13 14 15 16 35 18 19 20 21 22 23 24 25 40 27 28 29 30 31 32 33 34 45 48 36 37 38 39 51 54 41 42 43 44 46 47 49 50 52 53 55 56
1 57 1 -6.60341409276885315e+02 -6.60436702060197149e+02 -6.60308357476016454e+02 -6.60371148954546129e+02 -6.60322105298418933e+02 -6.60393805688802104e+02 -6.60354432248065223e+02 -6.60330864590847796e+02 -6.60314710811478676e+02 -6.60411058308825432e+02 -6.60381369140691277e+02 -6.60362293028910358e+02 -6.60347523148096911e+02 -6.60335891019064093e+02 -6.60326286913930744e+02 -6.60318262264496070e+02 -6.60311419272887974e+02 -6.60437564145814122e+02 -6.60580518508195837e+02 -6.60392831886309068e+02 -6.60479750522386666e+02 -6.60411380574886721e+02 -6.60514536503515387e+02 -6.60455720922756200e+02 -6.60423211643038030e+02 -6.60401416105307590e+02 -6.60307944166379343e+02 -6.60391556490996322e+02 -6.60277067943478755e+02 -6.60335100308485721e+02 -6.60289950712319751e+02 -6.60355380813875058e+02 -6.60320007785144071e+02 -6.60298146311322853e+02 -6.60283026895510375e+02 -6.60371330326107113e+02 -6.60479069808333634e+02 -6.60335694989667900e+02 -6.60403614978100450e+02 -6.60350554086530678e+02 -6.60321905083364300e+02 -6.60410318274210226e+02 -6.60290112687855526e+02 -6.60350172499913697e+02 -6.60303353557723426e+02 -6.60394225410206445e+02 -6.60514094139308327e+02 -6.60356213844857734e+02 -6.60354426105906214e+02 -6.60454852694983174e+02 -6.60320414952603869e+02 -6.60330754265239761e+02 -6.60422239231811091e+02 -6.60298351882406791e+02 -6.60314397696202832e+02 -6.60400240904398743e+02 -6.60283077373276114e+02
custom
2.00000000000000011e-01 3.00000000000000000e+00
2.00000000000000011e-01 3.00000000000000000e+00
TASMANIAN SG end
