TASMANIAN SG 4.0
WARNING: do not edit this manually
localpolynomial
2 1 1 4
localp
1 2 55 0 0 0 1 0 2 0 3 0 4 0 5 0 6 0 7 0 8 0 9 0 10 0 11 0 12 0 13 0 14 0 15 0 16 1 0 1 1 1 2 1 3 1 4 1 5 1 6 1 7 1 8 2 0 2 1 2 2 2 3 2 4 2 5 2 6 2 7 2 8 3 0 3 1 3 2 3 3 3 4 4 0 4 1 4 2 4 3 4 4 5 0 5 1 5 2 6 0 6 1 6 2 7 0 7 1 8 0 8 1
1  -6.46776241551567182e+02 -1.53175808047308237e-01 5.16268463993583282e-02 2.93284988142659131e-02 4.44470986280975922e-03 1.66274858232782208e-02 3.02906126182733715e-03 1.44530297689016152e-03 8.19525223505479516e-04 6.94686840449776355e-03 1.81697916093526146e-03 8.16619857573641639e-04 6.49447580258311064e-04 3.99126156935381005e-04 3.19024175723825465e-04 2.30608669198772986e-04 1.80145824970168178e-04 -1.54367259882519647e-01 -7.94310927350352358e-02 1.87438700511393108e-02 1.97371311401752791e-02 1.63276950013369060e-03 9.68352512637693508e-03 1.80302759247297217e-03 5.75795484223817766e-04 2.68254167849590885e-04 5.22429385384839406e-02 1.87438701736937219e-02 -3.37853509495289472e-03 -5.24975894381896069e-03 -3.50375563016314118e-04 -3.57418467717707244e-03 -5.46696729657014657e-04 -1.47354452337822295e-04 -5.85154100463114446e-05 2.97051864507693608e-02 1.97371311353435885e-02 -5.24975885809908505e-03 -3.74888819075636093e-03 -5.54111165172344045e-04 4.44155369848431292e-03 1.63276944761037157e-03 -2.74340927717275918e-04 -5.54111121402911522e-04 -1.61432056415833358e-05 1.67667758548759593e-02 9.68352511915782088e-03 -3.57418452938418341e-03 3.15726911048841430e-03 1.80302759019923542e-03 -5.46696704077476170e-04 1.46032641578131006e-03 5.75795483541696740e-04 8.34024351888729143e-04 2.68254131924550165e-04
0
0
1 0
0 4 5 6 8 10 12 14 16 18 18 18 18 18 18 18 18 18 21 22 23 25 27 27 27 27 27 30 31 32 34 36 36 36 36 36 40 41 42 42 42 46 47 48 48 48 50 50 50 52 52 52 53 53 54 54
17 26 1 2 3 4 5 6 7 8 9 10 11 12 13 14 15 16 35 18 19 20 21 22 23 24 25 40 27 28 29 30 31 32 33 34 45 48 36 37 38 39 51 53 41 42 43 44 46 47 49 50 52 54
1 55 1 -6.46776241551567182e+02 -6.46929417359614490e+02 -6.46724614705167824e+02 -6.46823500956776570e+02 -6.46745983418504693e+02 -6.46859831672372252e+02 -6.46796842192910049e+02 -6.46759667182059047e+02 -6.46734479536612753e+02 -6.46887677647588816e+02 -6.46839849335413419e+02 -6.46809354954985793e+02 -6.46785892424658414e+02 -6.46767555240656066e+02 -6.46752506276106260e+02 -6.46740000868889410e+02 -6.46729366975065432e+02 -6.46930608811449702e+02 -6.47163215712232045e+02 -6.46860238094999204e+02 -6.46997846631886432e+02 -6.46889345973861509e+02 -6.47054220161109583e+02 -6.46959395632813766e+02 -6.46907956294194491e+02 -6.46873704255039002e+02 -6.46723998613028698e+02 -6.46858430550902312e+02 -6.46675750301724293e+02 -6.46767135842095058e+02 -6.46695780123076702e+02 -6.46799729895352584e+02 -6.46743084863029708e+02 -6.46708591419528148e+02 -6.46685004202587038e+02 -6.46823719995057672e+02 -6.46996874218337098e+02 -6.46767970972490843e+02 -6.46874848930503845e+02 -6.46791138500326497e+02 -6.46745678528599456e+02 -6.46887849632112307e+02 -6.46696015290675291e+02 -6.46790614572134928e+02 -6.46716593530761656e+02 -6.46860397627398697e+02 -6.47053594664310594e+02 -6.46800911942419589e+02 -6.46796823504201939e+02 -6.46958185492275106e+02 -6.46743682266422866e+02 -6.46759499713667537e+02 -6.46906597373964132e+02 -6.46734004546462074e+02 -6.46872037813023439e+02
custom
2.00000000000000011e-01 3.00000000000000000e+00
2.00000000000000011e-01 3.00000000000000000e+00
TASMANIAN SG end
