TASMANIAN SG 4.0
WARNING: do not edit this manually
localpolynomial
2 1 1 4
localp
1 2 55 0 0 0 1 0 2 0 3 0 4 0 5 0 6 0 7 0 8 0 9 0 10 0 11 0 12 0 13 0 14 0 15 0 16 1 0 1 1 1 2 1 3 1 4 1 5 1 6 1 7 1 8 2 0 2 1 2 2 2 3 2 4 2 5 2 6 2 7 2 8 3 0 3 1 3 2 3 3 3 4 4 0 4 1 4 2 4 3 4 4 5 0 5 1 5 2 6 0 6 1 6 2 7 0 7 1 8 0 8 1
1  -5.92446289268169153e+02 -3.95635400488231426e-01 1.25518939951120956e-01 7.86448878230885384e-02 1.12658611891447435e-02 4.46203531186029068e-02 8.15030489775381284e-03 3.77662614891960402e-03 2.01426959608852485e-03 1.90452132617338066e-02 4.89511311616297462e-03 2.22544046948769392e-03 1.72172507120649243e-03 1.05769530057386874e-03 8.16586536529939622e-04 5.68676231409881439e-04 4.42035718265287869e-04 -3.98297674266018475e-01 -2.20035108409092572e-01 4.84186789902878445e-02 5.89587889140830157e-02 4.03616718341481828e-03 3.02572399232303724e-02 4.84331448524244479e-03 1.39751660356068896e-03 6.77108387719727034e-04 1.26810557595831597e-01 4.84186795390542102e-02 -8.00058257880209567e-03 -1.35180445300875363e-02 -8.50802206116441084e-04 -9.39348763199632231e-03 -1.51876352538238280e-03 -3.79587056613672758e-04 -1.34443961712804594e-04 7.92335075519758902e-02 5.89587888999290044e-02 -1.35180442039768423e-02 -1.29935929642499559e-02 -1.42692028589408437e-03 1.13310258342380621e-02 4.03616693080266487e-03 -6.82683972001996153e-04 -1.42692009845291068e-03 -4.21845219875649491e-05 4.49394936898670494e-02 3.02572399006351134e-02 -9.39348713117738043e-03 8.45166533940755471e-03 4.84331447384533931e-03 -1.51876339171508334e-03 3.81979887333727675e-03 1.39751659932585426e-03 2.06456601210902591e-03 6.77108196128983764e-04
0
0
1 0
0 4 5 6 8 10 12 14 16 18 18 18 18 18 18 18 18 18 21 22 23 25 27 27 27 27 27 30 31 32 34 36 36 36 36 36 40 41 42 42 42 46 47 48 48 48 50 50 50 52 52 52 53 53 54 54
17 26 1 2 3 4 5 6 7 8 9 10 11 12 13 14 15 16 35 18 19 20 21 22 23 24 25 40 27 28 29 30 31 32 33 34 45 48 36 37 38 39 51 53 41 42 43 44 46 47 49 50 52 54
1 55 1 -5.92446289268169153e+02 -5.92841924668657384e+02 -5.92320770328218032e+02 -5.92565462080590123e+02 -5.92372263937004391e+02 -5.92659073021505151e+02 -5.92497725369481827e+02 -5.92405499976437909e+02 -5.92344502863015123e+02 -5.92731453631819477e+02 -5.92607372437931417e+02 -5.92529368284566544e+02 -5.92470285593754397e+02 -5.92424836927002957e+02 -5.92388065370184677e+02 -5.92357814723778347e+02 -5.92332194559898198e+02 -5.92844586942435171e+02 -5.93460257451332495e+02 -5.92670649323493762e+02 -5.93014818520146605e+02 -5.92742316104591850e+02 -5.93162660392697717e+02 -5.92916709111907949e+02 -5.92788277380761087e+02 -5.92703791336059112e+02 -5.92319478710573321e+02 -5.92666695431522498e+02 -5.92201960353201002e+02 -5.92427960227754966e+02 -5.92250304472904190e+02 -5.92512100964152182e+02 -5.92367087927791658e+02 -5.92281494552646336e+02 -5.92224252587418277e+02 -5.92566204597750129e+02 -5.93012898763543035e+02 -5.92429994362507841e+02 -5.92694420991330844e+02 -5.92486242455634056e+02 -5.92371552963536942e+02 -5.92738942857324901e+02 -5.92250716998847338e+02 -5.92484788964971358e+02 -5.92300336705628069e+02 -5.92660456276402783e+02 -5.93161381373847234e+02 -5.92514775836442141e+02 -5.92497795267620290e+02 -5.92914116736287042e+02 -5.92368449443415216e+02 -5.92405101316979653e+02 -5.92785216447518451e+02 -5.92343451271043136e+02 -5.92700077470215547e+02
custom
2.00000000000000011e-01 3.00000000000000000e+00
2.00000000000000011e-01 3.00000000000000000e+00
TASMANIAN SG end
