TASMANIAN SG 4.0
WARNING: do not edit this manually
localpolynomial
2 1 1 4
localp
1 2 55 0 0 0 1 0 2 0 3 0 4 0 5 0 6 0 7 0 8 0 9 0 10 0 11 0 12 0 13 0 14 0 15 0 16 1 0 1 1 1 2 1 3 1 4 1 5 1 6 1 7 1 8 2 0 2 1 2 2 2 3 2 4 2 5 2 6 2 7 2 8 3 0 3 1 3 2 3 3 3 4 4 0 4 1 4 2 4 3 4 4 5 0 5 1 5 2 6 0 6 1 6 2 7 0 7 1 8 0 8 1
1  -6.74575767357775817e+02 -3.68647673993791614e-02 1.35018047483299597e-02 6.66666403924409678e-03 1.07804651884180203e-03 3.72933928156271577e-03 6.88035368398232094e-04 3.40897920636962226e-04 2.07529426347718982e-04 1.53035667449330504e-03 4.12230235610877571e-04 1.86706217846221989e-04 1.48376459833343688e-04 9.38596638206945499e-05 7.58684708443979616e-05 5.74510426076813019e-05 4.63153496639279183e-05 -3.72869931537707089e-02 -1.71106505764555550e-02 4.54420184519221948e-03 3.76709247785811385e-03 4.18079013797978405e-04 1.75324806895105212e-03 3.91242830573901301e-04 1.47672434252399398e-04 6.80564143635820074e-05 1.36776180573860984e-02 4.54420185940307420e-03 -8.98505226700763160e-04 -1.23710997462467276e-03 -9.07740479192398197e-05 -7.85187356711958273e-04 -1.24979908264322148e-04 -3.60779682182510442e-05 -1.60056728191193542e-05 6.77186785549110937e-03 3.76709247672124548e-03 -1.23710996143699958e-03 -5.80973374269433407e-04 -1.22827509500211818e-04 1.07405407936767006e-03 4.18079007829419425e-04 -6.96621784186390869e-05 -1.22827504583256086e-04 -6.35236267498839879e-06 3.78018098660959367e-03 1.75324806806997913e-03 -7.85187333036674318e-04 7.34920853574294597e-04 3.91242830147575660e-04 -1.24979906985345224e-04 3.45084805758233415e-04 1.47672434394507945e-04 2.08216389978588268e-04 6.80564112656156794e-05
0
0
1 0
0 4 5 6 8 10 12 14 16 18 18 18 18 18 18 18 18 18 21 22 23 25 27 27 27 27 27 30 31 32 34 36 36 36 36 36 40 41 42 42 42 46 47 48 48 48 50 50 50 52 52 52 53 53 54 54
17 26 1 2 3 4 5 6 7 8 9 10 11 12 13 14 15 16 35 18 19 20 21 22 23 24 25 40 27 28 29 30 31 32 33 34 45 48 36 37 38 39 51 53 41 42 43 44 46 47 49 50 52 54
1 55 1 -6.74575767357775817e+02 -6.74612632125175196e+02 -6.74562265553027487e+02 -6.74587533077436319e+02 -6.74567938408882810e+02 -6.74596353262024195e+02 -6.74580962182237613e+02 -6.74571511985408733e+02 -6.74564894451528744e+02 -6.74602962336925202e+02 -6.74591530939494533e+02 -6.74584060923619063e+02 -6.74578216393546995e+02 -6.74573545811928398e+02 -6.74569649328675041e+02 -6.74566358979163169e+02 -6.74563533686928395e+02 -6.74613054350929588e+02 -6.74667029768905422e+02 -6.74595008344336065e+02 -6.74629608303400346e+02 -6.74602535222100187e+02 -6.74642836448802427e+02 -6.74620252048965995e+02 -6.74607306216159941e+02 -6.74598496197377472e+02 -6.74562089739718431e+02 -6.74594410305258407e+02 -6.74549486440196802e+02 -6.74572820468423743e+02 -6.74554800817486694e+02 -6.74580671234916167e+02 -6.74566892048611066e+02 -6.74558140458650087e+02 -6.74551952105088276e+02 -6.74587638986497268e+02 -6.74629291986708040e+02 -6.74573102190787722e+02 -6.74600496249698722e+02 -6.74579206330126226e+02 -6.74567854494667699e+02 -6.74602029082129548e+02 -6.74554871604711252e+02 -6.74579016506851303e+02 -6.74560336742557297e+02 -6.74596566487726705e+02 -6.74642627448752137e+02 -6.74581060273908406e+02 -6.74580968251282911e+02 -6.74619835892257925e+02 -6.74567073930960987e+02 -6.74571465841416057e+02 -6.74606837846412191e+02 -6.74564763900803086e+02 -6.74597943420892761e+02
custom
2.00000000000000011e-01 3.00000000000000000e+00
2.00000000000000011e-01 3.00000000000000000e+00
TASMANIAN SG end
