TASMANIAN SG 4.0
WARNING: do not edit this manually
localpolynomial
2 1 1 4
localp
1 2 59 0 0 0 1 0 2 0 3 0 4 0 5 0 6 0 7 0 8 0 9 0 10 0 11 0 12 0 13 0 14 0 15 0 16 1 0 1 1 1 2 1 3 1 4 1 5 1 6 1 7 1 8 2 0 2 1 2 2 2 3 2 4 2 5 2 6 2 7 2 8 3 0 3 1 3 2 3 3 3 4 4 0 4 1 4 2 4 3 4 4 5 0 5 1 5 2 6 0 6 1 6 2 7 0 7 1 7 2 8 0 8 1 8 2 9 0 10 0
1  -5.40670069064487052e+02 -6.35732602740063157e-01 1.95363347369152507e-01 1.28820853017714398e-01 1.78312243672280601e-02 7.28464819626424287e-02 1.33552168244932545e-02 6.07556156569444283e-03 3.15382358235183347e-03 3.15343686137339319e-02 8.05252670556910743e-03 3.69150831613751507e-03 2.79395679524441221e-03 1.72412165034074860e-03 1.29260384744611656e-03 8.89219899363524746e-04 6.92235079554848198e-04 -6.38093112418573583e-01 -3.65797024954986227e-01 7.79571541302175319e-02 1.01541484183655939e-01 6.37717416952909844e-03 5.34845165034312231e-02 7.85408689006317218e-03 2.18338867114198365e-03 1.07934629033934470e-03 1.97000664851543661e-01 7.79571553161986230e-02 -1.22549414929835621e-02 -2.16600868224077203e-02 -1.28776365249905211e-03 -1.49283917140223821e-02 -2.57102365941364042e-03 -5.91943929350691178e-04 -2.01585398883707967e-04 1.29763501733805242e-01 1.01541484157678497e-01 -2.16600861680262824e-02 -2.41903639942222526e-02 -2.25550973044619241e-03 1.79358975128707243e-02 6.37717360672240829e-03 -1.08509945715695721e-03 -2.25550933899398842e-03 -7.36094995374969585e-05 7.31890796316747583e-02 5.34845164631860825e-02 -1.49283907907147295e-02 1.35662334763537729e-02 7.85408686704158754e-03 -2.57102336058778747e-03 6.11434732354609878e-03 2.18338865889222689e-03 -1.37541264479068559e-04 3.22631785047633457e-03 1.07934583704150100e-03 -8.77097977820540109e-05 -1.73372427525464445e-09 8.13214000118023250e-04
0
0
1 0
0 4 5 6 8 10 12 14 16 18 18 18 18 18 18 18 18 18 21 22 23 25 27 27 27 27 27 30 31 32 34 36 36 36 36 36 40 41 42 42 42 46 47 48 48 48 52 52 52 54 54 54 56 56 56 58 58 58 58 58
17 26 1 2 3 4 5 6 7 8 9 10 11 12 13 14 15 16 35 18 19 20 21 22 23 24 25 40 27 28 29 30 31 32 33 34 45 48 36 37 38 39 51 54 41 42 43 44 57 58 46 47 49 50 52 53 55 56
1 59 1 -5.40670069064487052e+02 -5.41305801667227115e+02 -5.40474705717117899e+02 -5.40859114512839369e+02 -5.40554556166435191e+02 -5.41009611608070600e+02 -5.40751236571838717e+02 -5.40606237053895484e+02 -5.40511477118194193e+02 -5.41126172269035123e+02 -5.40926310533749415e+02 -5.40801484034022906e+02 -5.40707858861367640e+02 -5.40636428937540927e+02 -5.40579104006317948e+02 -5.40532127422415442e+02 -5.40492399182576492e+02 -5.41308162176905626e+02 -5.42309691804600675e+02 -5.41034841675406255e+02 -5.41578564653551780e+02 -5.41147293527619240e+02 -5.41817797230610154e+02 -5.41422154111514146e+02 -5.41219468902025596e+02 -5.41086834431640000e+02 -5.40473068399635508e+02 -5.41030843847059373e+02 -5.40289959993759339e+02 -5.40644795357152134e+02 -5.40364970735982752e+02 -5.40779901511857133e+02 -5.40548147685228741e+02 -5.40413535950172786e+02 -5.40324513126687521e+02 -5.40859352118962533e+02 -5.41576441750022468e+02 -5.40646670280696299e+02 -5.41062495703377181e+02 -5.40734246898107813e+02 -5.40553632834548353e+02 -5.41144009686023651e+02 -5.40365482057382906e+02 -5.40733085960018570e+02 -5.40442443712924160e+02 -5.41010568068302405e+02 -5.41816393181216654e+02 -5.40782495289210374e+02 -5.40751144358248439e+02 -5.41419701388281396e+02 -5.40549692788791390e+02 -5.40605736602194156e+02 -5.41216607940642916e+02 -5.40414117081191421e+02 -5.40510124299241511e+02 -5.41083121102853966e+02 -5.40324582417518513e+02 -5.41159365124337796e+02 -5.40934146879632408e+02
custom
2.00000000000000011e-01 3.00000000000000000e+00
2.00000000000000011e-01 3.00000000000000000e+00
TASMANIAN SG end
