TASMANIAN SG 4.0
WARNING: do not edit this manually
localpolynomial
2 1 1 4
localp
1 2 55 0 0 0 1 0 2 0 3 0 4 0 5 0 6 0 7 0 8 0 9 0 10 0 11 0 12 0 13 0 14 0 15 0 16 1 0 1 1 1 2 1 3 1 4 1 5 1 6 1 7 1 8 2 0 2 1 2 2 2 3 2 4 2 5 2 6 2 7 2 8 3 0 3 1 3 2 3 3 3 4 4 0 4 1 4 2 4 3 4 4 5 0 5 1 5 2 6 0 6 1 6 2 7 0 7 1 8 0 8 1
1  -6.72107335219233391e+02 -4.67465820847792202e-02 1.68953412307928375e-02 8.53639999093047663e-03 1.36676176850869524e-03 4.78934505304096092e-03 8.80389360645494889e-04 4.33558639429065806e-04 2.61574165165257000e-04 1.96921107124126138e-03 5.27900036559003638e-04 2.38272871342815051e-04 1.89919631566226599e-04 1.19351529292544001e-04 9.64666235176991904e-05 7.26209118511178531e-05 5.82011455207975814e-05 -4.72546570226768381e-02 -2.21133263830779470e-02 5.75312131456939824e-03 4.96990574572464539e-03 5.25685176228307682e-04 2.33099883854492873e-03 5.06396941375442111e-04 1.86012776225652487e-04 8.54842748481132730e-05 1.71141583483631621e-02 5.75312133457828168e-03 -1.12134761513971171e-03 -1.57854670027290922e-03 -1.13360128523254389e-04 -1.01501213583787830e-03 -1.59379963406536262e-04 -4.53842188790076762e-05 -1.98977189143079158e-05 8.66752570175322035e-03 4.96990574436040333e-03 -1.57854668270829279e-03 -7.92711252813660394e-04 -1.58973345520507792e-04 1.36187056727976596e-03 5.25685168156542204e-04 -8.70602992222302419e-05 -1.58973338329815306e-04 -7.31948671273130458e-06 4.85028602361126104e-03 2.33099883706699984e-03 -1.01501210366450323e-03 9.37453905180518632e-04 5.06396940579634247e-04 -1.59379960848582414e-04 4.38844769064417051e-04 1.86012776310917616e-04 2.62901903511192359e-04 8.54842701585312170e-05
0
0
1 0
0 4 5 6 8 10 12 14 16 18 18 18 18 18 18 18 18 18 21 22 23 25 27 27 27 27 27 30 31 32 34 36 36 36 36 36 40 41 42 42 42 46 47 48 48 48 50 50 50 52 52 52 53 53 54 54
17 26 1 2 3 4 5 6 7 8 9 10 11 12 13 14 15 16 35 18 19 20 21 22 23 24 25 40 27 28 29 30 31 32 33 34 45 48 36 37 38 39 51 53 41 42 43 44 46 47 49 50 52 54
1 55 1 -6.72107335219233391e+02 -6.72154081801318171e+02 -6.72090439878002599e+02 -6.72122172110284851e+02 -6.72097520786849486e+02 -6.72133337610748413e+02 -6.72113873275398419e+02 -6.72101994444401953e+02 -6.72093718758260820e+02 -6.72141740494962050e+02 -6.72127226960480129e+02 -6.72117784419970349e+02 -6.72110414327684339e+02 -6.72104545480288380e+02 -6.72099661149002259e+02 -6.72095547151643359e+02 -6.72092021116986075e+02 -6.72154589876256068e+02 -6.72223449784723925e+02 -6.72131941413710706e+02 -6.72175513524753342e+02 -6.72141373198038650e+02 -6.72192361310847105e+02 -6.72163664914202627e+02 -6.72147361965731761e+02 -6.72136310247434722e+02 -6.72090221060885028e+02 -6.72131214521635229e+02 -6.72074447067269375e+02 -6.72103759937969471e+02 -6.72081080662437216e+02 -6.72113712896885204e+02 -6.72096269490029954e+02 -6.72085262687240629e+02 -6.72077522188407102e+02 -6.72122295022042977e+02 -6.72175128361574934e+02 -6.72104101666837551e+02 -6.72138483050197920e+02 -6.72111727713429218e+02 -6.72097416269491873e+02 -6.72140760605741207e+02 -6.72081168662367872e+02 -6.72111500284314161e+02 -6.72087989703712424e+02 -6.72133592163125968e+02 -6.72192107788288808e+02 -6.72114186266354295e+02 -6.72113877666733060e+02 -6.72163161230600736e+02 -6.72096492698475686e+02 -6.72101936899593625e+02 -6.72146796345984285e+02 -6.72093555763284940e+02 -6.72135639177514577e+02
custom
2.00000000000000011e-01 3.00000000000000000e+00
2.00000000000000011e-01 3.00000000000000000e+00
TASMANIAN SG end
