TASMANIAN SG 4.0
WARNING: do not edit this manually
localpolynomial
2 1 1 4
localp
1 2 55 0 0 0 1 0 2 0 3 0 4 0 5 0 6 0 7 0 8 0 9 0 10 0 11 0 12 0 13 0 14 0 15 0 16 1 0 1 1 1 2 1 3 1 4 1 5 1 6 1 7 1 8 2 0 2 1 2 2 2 3 2 4 2 5 2 6 2 7 2 8 3 0 3 1 3 2 3 3 3 4 4 0 4 1 4 2 4 3 4 4 5 0 5 1 5 2 6 0 6 1 6 2 7 0 7 1 8 0 8 1
1  -6.76550334623277649e+02 -2.90705749732751428e-02 1.07870978861228650e-02 5.20561534597163700e-03 8.50053375188508653e-04 2.90286707604536787e-03 5.37835371687833685e-04 2.68082045067785657e-04 1.64495987291957135e-04 1.18930409462336684e-03 3.21865274372612475e-04 1.46394291846263513e-04 1.15898986223328393e-04 7.38296744202671107e-05 5.96650885427152389e-05 4.54140462124996702e-05 3.68204530332150171e-05 -2.94201815788710519e-02 -1.32363634385228579e-02 3.58934964538093482e-03 2.85428991543312804e-03 3.32125350951173459e-04 1.31869356010838601e-03 3.01911170481616864e-04 1.17025779502455407e-04 5.41734449939212936e-05 1.09280264692870333e-02 3.58934965549906337e-03 -7.20044378908824001e-04 -9.68364925995501835e-04 -7.28184306240109436e-05 -6.06574864718822937e-04 -9.80558356218352856e-05 -2.87444731839059386e-05 -1.28776752603698696e-05 5.28983411709305074e-03 2.85428991458047676e-03 -9.68364916161590372e-04 -4.25791120193252937e-04 -9.46651404660769913e-05 8.46910329300953890e-04 3.32125347028977558e-04 -5.59100345185470360e-05 -9.46651369986284408e-05 -5.49914807379536796e-06 2.94512083428344340e-03 1.31869696650710466e-03 -6.06574847267893347e-04 5.76050784502513125e-04 3.01911170424773445e-04 -9.80558350534010970e-05 2.71387944167145179e-04 1.17025779530877116e-04 1.64807342912354216e-04 5.41734430328233429e-05
0
0
1 0
0 4 5 6 8 10 12 14 16 18 18 18 18 18 18 18 18 18 21 22 23 25 27 27 27 27 27 30 31 32 34 36 36 36 36 36 40 41 42 42 42 46 47 48 48 48 50 50 50 52 52 52 53 53 54 54
17 26 1 2 3 4 5 6 7 8 9 10 11 12 13 14 15 16 35 18 19 20 21 22 23 24 25 40 27 28 29 30 31 32 33 34 45 48 36 37 38 39 51 53 41 42 43 44 46 47 49 50 52 54
1 55 1 -6.76550334623277649e+02 -6.76579405198250925e+02 -6.76539547525391527e+02 -6.76559664295418315e+02 -6.76544091020959399e+02 -6.76566631879758688e+02 -6.76554461623976181e+02 -6.76546944740073513e+02 -6.76541654777188228e+02 -6.76571829234910183e+02 -6.76562826222314015e+02 -6.76556916565405459e+02 -6.76552282224640749e+02 -6.76548565852001047e+02 -6.76545458215427971e+02 -6.76542827485027601e+02 -6.76540564330836787e+02 -6.76579754804856520e+02 -6.76622061743268318e+02 -6.76565378357325017e+02 -6.76592848368801015e+02 -6.76571384402364629e+02 -6.76603233495398626e+02 -6.76585461840286598e+02 -6.76575184495786061e+02 -6.76568162710412480e+02 -6.76539406596808362e+02 -6.76564887822126138e+02 -6.76529339543301148e+02 -6.76547909959047274e+02 -6.76533595835110191e+02 -6.76554102598375380e+02 -6.76543218498391639e+02 -6.76536261878387450e+02 -6.76531316070893581e+02 -6.76559754879949992e+02 -6.76592589346727891e+02 -6.76548141472157340e+02 -6.76569965144155503e+02 -6.76553026725143468e+02 -6.76544023699713648e+02 -6.76570967474512258e+02 -6.76533652534051498e+02 -6.76552868819366950e+02 -6.76538029971870856e+02 -6.76566809721568916e+02 -6.76603061727197314e+02 -6.76554421368754106e+02 -6.76554468700829375e+02 -6.76585119310534537e+02 -6.76543366503824927e+02 -6.76546907773551538e+02 -6.76574797922657808e+02 -6.76541550340918093e+02 -6.76567708667533225e+02
custom
2.00000000000000011e-01 3.00000000000000000e+00
2.00000000000000011e-01 3.00000000000000000e+00
TASMANIAN SG end
