TASMANIAN SG 4.0
WARNING: do not edit this manually
localpolynomial
2 1 1 4
localp
1 2 55 0 0 0 1 0 2 0 3 0 4 0 5 0 6 0 7 0 8 0 9 0 10 0 11 0 12 0 13 0 14 0 15 0 16 1 0 1 1 1 2 1 3 1 4 1 5 1 6 1 7 1 8 2 0 2 1 2 2 2 3 2 4 2 5 2 6 2 7 2 8 3 0 3 1 3 2 3 3 3 4 4 0 4 1 4 2 4 3 4 4 5 0 5 1 5 2 6 0 6 1 6 2 7 0 7 1 8 0 8 1
1  -6.54312756293756593e+02 -1.20818130450288663e-01 4.13140136718084250e-02 2.29175932724956510e-02 3.51515564534565783e-03 1.29747740677430556e-02 2.36508041598426644e-03 1.13589153238535800e-03 6.53469623784985743e-04 5.39870774423434341e-03 1.41893730153697106e-03 6.37127852655794413e-04 5.08280398207716644e-04 3.13207573981344467e-04 2.51446885954464960e-04 1.83478555641158891e-04 1.43884904787228152e-04 -1.21835143029102255e-01 -6.15360965983882124e-02 1.47949168388095131e-02 1.49932353465942469e-02 1.30288612456297415e-03 7.28341719229774753e-03 1.40264996656469521e-03 4.60612793972359214e-04 2.13199492918647593e-04 4.18201802144722024e-02 1.47949169236198941e-02 -2.71213510745837993e-03 -4.13684688896864827e-03 -2.79387974387645954e-04 -2.78928774332598550e-03 -4.25903838504382293e-04 -1.16100329307755601e-04 -4.72842513659088581e-05 2.32249151729320147e-02 1.49932353427857379e-02 -4.13684682712300855e-03 -2.74754935443866088e-03 -4.34178610191793268e-04 3.50957602313428652e-03 1.30288608863793343e-03 -2.16749068727040139e-04 -4.34178579496347083e-04 -1.34341121338366065e-05 1.30944432391970622e-02 7.28341718689762274e-03 -2.78928763435715155e-03 2.47753362305047631e-03 1.40264996497307948e-03 -4.25903822190321080e-04 1.14836475063384569e-03 4.60612793403925025e-04 6.63242842847466818e-04 2.13199469271785347e-04
0
0
1 0
0 4 5 6 8 10 12 14 16 18 18 18 18 18 18 18 18 18 21 22 23 25 27 27 27 27 27 30 31 32 34 36 36 36 36 36 40 41 42 42 42 46 47 48 48 48 50 50 50 52 52 52 53 53 54 54
17 26 1 2 3 4 5 6 7 8 9 10 11 12 13 14 15 16 35 18 19 20 21 22 23 24 25 40 27 28 29 30 31 32 33 34 45 48 36 37 38 39 51 53 41 42 43 44 46 47 49 50 52 54
1 55 1 -6.54312756293756593e+02 -6.54433574424206881e+02 -6.54271442280084784e+02 -6.54350247765709241e+02 -6.54288584131275343e+02 -6.54378936320890261e+02 -6.54329136949316990e+02 -6.54299534320983639e+02 -6.54279359736056222e+02 -6.54400856664804451e+02 -6.54363173105998158e+02 -6.54339055229660403e+02 -6.54320438341138470e+02 -6.54305832099796135e+02 -6.54293807779243480e+02 -6.54283788455110198e+02 -6.54275257123165716e+02 -6.54434591436785695e+02 -6.54616945663834372e+02 -6.54378482506275077e+02 -6.54487857721690943e+02 -6.54401718929760477e+02 -6.54532143501502674e+02 -6.54457456848855827e+02 -6.54416558678946785e+02 -6.54389234048901017e+02 -6.54270936113542120e+02 -6.54376959327068789e+02 -6.54232334234977770e+02 -6.54305166973921928e+02 -6.54248399406588987e+02 -6.54330877664170885e+02 -6.54286112367154601e+02 -6.54258647968862419e+02 -6.54239760635410903e+02 -6.54350448950098212e+02 -6.54487041893504966e+02 -6.54305874324834122e+02 -6.54391078760210235e+02 -6.54324429217368674e+02 -6.54288336627626222e+02 -6.54400454413526063e+02 -6.54248595430576870e+02 -6.54323980529327628e+02 -6.54265104001555528e+02 -6.54379425750202699e+02 -6.54531615918243574e+02 -6.54331873259949703e+02 -6.54329125088304409e+02 -6.54456427975267843e+02 -6.54286606672658536e+02 -6.54299398095940774e+02 -6.54415405441322491e+02 -6.54278973127741324e+02 -6.54387830427985364e+02
custom
2.00000000000000011e-01 3.00000000000000000e+00
2.00000000000000011e-01 3.00000000000000000e+00
TASMANIAN SG end
