TASMANIAN SG 4.0
WARNING: do not edit this manually
localpolynomial
2 1 1 4
localp
1 2 55 0 0 0 1 0 2 0 3 0 4 0 5 0 6 0 7 0 8 0 9 0 10 0 11 0 12 0 13 0 14 0 15 0 16 1 0 1 1 1 2 1 3 1 4 1 5 1 6 1 7 1 8 2 0 2 1 2 2 2 3 2 4 2 5 2 6 2 7 2 8 3 0 3 1 3 2 3 3 3 4 4 0 4 1 4 2 4 3 4 4 5 0 5 1 5 2 6 0 6 1 6 2 7 0 7 1 8 0 8 1
1  -2.45471354609429454e+02 -2.07951989159738559e+00 5.87562239910198514e-01 4.43888378490527202e-01 5.52469072822248108e-02 2.45133595485981459e-01 4.54726819827442341e-02 1.93100683372620097e-02 9.65817298137494618e-03 1.11244818174526472e-01 2.82993028719431550e-02 1.30709933582693338e-02 9.31869292134024363e-03 5.75632421742966471e-03 3.93130813580455651e-03 2.74771080989921757e-03 2.08576166079410541e-03 -2.07950808908134377e+00 -1.30029253237208309e+00 2.57421772040544283e-01 3.90381865880115697e-01 2.04825164398272364e-02 2.22190700342210334e-01 2.54319549678143630e-02 7.01507416981428378e-03 3.46368366476212941e-03 5.89288110421705369e-01 2.57421780881060158e-01 -3.45085794970714232e-02 -7.16446574391085278e-02 -3.19541678305768073e-03 -4.31929292193871106e-02 -9.93741400341718872e-03 -1.39678854456803947e-03 -5.63136118742590952e-04 4.45080570048418167e-01 3.90381865764425129e-01 -7.16446534564738613e-02 -1.14399740182328458e-01 -7.17485793465044708e-03 5.55110329640342570e-02 2.04825119968461422e-02 -3.08754314858106227e-03 -7.17485545720109030e-03 -2.73609675062402857e-04 2.45358413986878077e-01 2.22190700174621725e-01 -4.31929249567986062e-02 4.49636373442672266e-02 2.54319548222952108e-02 -9.93741191146568781e-03 1.94015161853826612e-02 7.01507400425782635e-03 9.70919059835750886e-03 3.46367950204751196e-03
0
0
1 0
0 4 5 6 8 10 12 14 16 18 18 18 18 18 18 18 18 18 21 22 23 25 27 27 27 27 27 30 31 32 34 36 36 36 36 36 40 41 42 42 42 46 47 48 48 48 50 50 50 52 52 52 53 53 54 54
17 26 1 2 3 4 5 6 7 8 9 10 11 12 13 14 15 16 35 18 19 20 21 22 23 24 25 40 27 28 29 30 31 32 33 34 45 48 36 37 38 39 51 53 41 42 43 44 46 47 49 50 52 54
1 55 1 -2.45471354609429454e+02 -2.47550874501026840e+02 -2.44883792369519256e+02 -2.46067226176737620e+02 -2.45122326582192130e+02 -2.46563916743396248e+02 -2.45723817711100793e+02 -2.45277530527473516e+02 -2.44993401302874304e+02 -2.46946150804037018e+02 -2.46287272157194991e+02 -2.45882450950560951e+02 -2.45588267467343769e+02 -2.45368686244234027e+02 -2.45195997246697033e+02 -2.45055116231723360e+02 -2.44936511074535986e+02 -2.47550862698510798e+02 -2.50930675122480267e+02 -2.46705878686560055e+02 -2.48406498666124889e+02 -2.47052641268813375e+02 -2.49201262598474386e+02 -2.47907776045367257e+02 -2.47275426841155024e+02 -2.46866138121040592e+02 -2.44882066499007749e+02 -2.46704164609724074e+02 -2.44329012838594622e+02 -2.45420871833314493e+02 -2.44553488178302018e+02 -2.45860577555252689e+02 -2.45115933898181765e+02 -2.44699864058862175e+02 -2.44432155471585673e+02 -2.46066028083921708e+02 -2.48405312375940696e+02 -2.45421399611447725e+02 -2.46710990658682960e+02 -2.45685400540117229e+02 -2.45121199521254567e+02 -2.47051526010414563e+02 -2.44553979114241486e+02 -2.45685471571520793e+02 -2.44784213728532393e+02 -2.46563086977229375e+02 -2.49200444635048996e+02 -2.45861473659973797e+02 -2.45723727709331314e+02 -2.47907697846317205e+02 -2.45117569765050689e+02 -2.45276875549156642e+02 -2.47274783665531089e+02 -2.44991923819532815e+02 -2.46864672439968899e+02
custom
2.00000000000000011e-01 3.00000000000000000e+00
2.00000000000000011e-01 3.00000000000000000e+00
TASMANIAN SG end
