TASMANIAN SG 4.0
WARNING: do not edit this manually
localpolynomial
2 1 1 4
localp
1 2 55 0 0 0 1 0 2 0 3 0 4 0 5 0 6 0 7 0 8 0 9 0 10 0 11 0 12 0 13 0 14 0 15 0 16 1 0 1 1 1 2 1 3 1 4 1 5 1 6 1 7 1 8 2 0 2 1 2 2 2 3 2 4 2 5 2 6 2 7 2 8 3 0 3 1 3 2 3 3 3 4 4 0 4 1 4 2 4 3 4 4 5 0 5 1 5 2 6 0 6 1 6 2 7 0 7 1 8 0 8 1
1  -6.25576718709938177e+02 -2.46188174495273415e-01 8.05474116161803977e-02 4.80260061058288557e-02 7.08922037870252097e-03 2.72672264804896258e-02 4.96931023769775493e-03 2.33858815272469656e-03 1.28601004007578013e-03 1.15023742555422359e-02 2.98075018622512289e-03 1.34556347802572418e-03 1.05862863165384624e-03 6.49171384907276661e-04 5.11910178602192900e-04 3.62909288696755539e-04 2.82195840895838046e-04 -2.47780363798142389e-01 -1.32257907556436294e-01 3.01082821000591139e-02 3.41504347867953584e-02 2.56463260922146219e-03 1.71171318664846694e-02 2.96511998254800346e-03 8.97449982289799664e-04 4.25594586829447508e-04 8.14399056629326878e-02 3.01082823579008618e-02 -5.22047012634629937e-03 -8.43349550012817417e-03 -5.48785536068407964e-04 -5.82717056437331848e-03 -9.06684917367783783e-04 -2.37245047173928469e-04 -8.90496413035180012e-05 4.85608067604061944e-02 3.41504347787235929e-02 -8.43349533437276477e-03 -6.97936624254680282e-03 -8.94367927742223401e-04 7.09930674815950624e-03 2.56463249439775609e-03 -4.36400025080274645e-04 -8.94367837702247925e-04 -2.49020614546680008e-05 2.74616584914610939e-02 1.71171318534959482e-02 -5.82717029286072830e-03 5.13783234157472180e-03 2.96511997751736089e-03 -9.06684858563266971e-04 2.35963725845067529e-03 8.97449981067666158e-04 1.31479989977378864e-03 4.25594504548598707e-04
0
0
1 0
0 4 5 6 8 10 12 14 16 18 18 18 18 18 18 18 18 18 21 22 23 25 27 27 27 27 27 30 31 32 34 36 36 36 36 36 40 41 42 42 42 46 47 48 48 48 50 50 50 52 52 52 53 53 54 54
17 26 1 2 3 4 5 6 7 8 9 10 11 12 13 14 15 16 35 18 19 20 21 22 23 24 25 40 27 28 29 30 31 32 33 34 45 48 36 37 38 39 51 53 41 42 43 44 46 47 49 50 52 54
1 55 1 -6.25576718709938177e+02 -6.25822906884433451e+02 -6.25496171298321997e+02 -6.25651786791079985e+02 -6.25529355783751384e+02 -6.25710079611276228e+02 -6.25609283440271383e+02 -6.25550698658691999e+02 -6.25511477530996558e+02 -6.25754990873599354e+02 -6.25677952450991938e+02 -6.25629189552197658e+02 -6.25591942446473013e+02 -6.25563059512930295e+02 -6.25539515311043033e+02 -6.25520053748085274e+02 -6.25503542218818438e+02 -6.25824499073736320e+02 -6.26202945155788029e+02 -6.25713843380020080e+02 -6.25931545673869550e+02 -6.25759517373890276e+02 -6.26022861056481815e+02 -6.25870087943582689e+02 -6.25788772185678226e+02 -6.25734968772328330e+02 -6.25495278804275245e+02 -6.25711358696412617e+02 -6.25419951862785410e+02 -6.25563726239738230e+02 -6.25451074898687693e+02 -6.25616102412159307e+02 -6.25525439896686407e+02 -6.25471075508375861e+02 -6.25434316420337836e+02 -6.25652048085076785e+02 -6.25930214778571667e+02 -6.25564880027744948e+02 -6.25733009574567518e+02 -6.25600986887655381e+02 -6.25528899450358495e+02 -6.25757468851180533e+02 -6.25451398673830681e+02 -6.25600269260251480e+02 -6.25483359136545346e+02 -6.25710811920915148e+02 -6.26022001176834920e+02 -6.25617727215683999e+02 -6.25609245565165907e+02 -6.25868457879183438e+02 -6.25526294515550489e+02 -6.25550449442889885e+02 -6.25786930780567445e+02 -6.25510774327417153e+02 -6.25732673379392281e+02
custom
2.00000000000000011e-01 3.00000000000000000e+00
2.00000000000000011e-01 3.00000000000000000e+00
TASMANIAN SG end
