TASMANIAN SG 4.0
WARNING: do not edit this manually
localpolynomial
2 1 1 4
localp
1 2 59 0 0 0 1 0 2 0 3 0 4 0 5 0 6 0 7 0 8 0 9 0 10 0 11 0 12 0 13 0 14 0 15 0 16 1 0 1 1 1 2 1 3 1 4 1 5 1 6 1 7 1 8 2 0 2 1 2 2 2 3 2 4 2 5 2 6 2 7 2 8 3 0 3 1 3 2 3 3 3 4 4 0 4 1 4 2 4 3 4 4 5 0 5 1 5 2 6 0 6 1 6 2 7 0 7 1 7 2 8 0 8 1 8 2 9 0 10 0
1  -6.37354720937164075e+02 -1.94193638874025964e-01 6.44952362549702229e-02 3.75308646005123592e-02 5.61572326193982008e-03 2.12982367252152471e-02 3.87971823079169553e-03 1.83873693015357276e-03 1.02694206464093440e-03 8.93898678475579800e-03 2.32699351010978717e-03 1.04772689542187436e-03 8.29396143899430172e-04 5.08888681679309229e-04 4.04367175633524312e-04 2.89470435291150352e-04 2.25481703637342434e-04 -1.95577887772287795e-01 -1.02506938742635612e-01 2.37527273934574623e-02 2.59689554378610410e-02 2.04610144305661379e-03 1.28745515288528622e-02 2.31406730824801343e-03 7.19084177831064153e-04 3.37762691628995526e-04 6.52398420891131536e-02 2.37527275710363028e-02 -4.19959864143493178e-03 -6.65629460070249479e-03 -4.38949813201361394e-04 -4.56948558519343351e-03 -7.03227846429399506e-04 -1.87073665983916726e-04 -7.22656972129698261e-05 3.79727537858798314e-02 2.59689554319493254e-02 -6.65629448155868886e-03 -5.11516063511407992e-03 -7.05036273927817092e-04 5.61742859065361699e-03 2.04610136529481679e-03 -3.44528565733526193e-04 -7.05036211513743183e-04 -1.98331824776687426e-05 2.14676628465895192e-02 1.28745515188484205e-02 -4.56948538510459912e-03 4.03247917984117521e-03 2.31406730483740830e-03 -7.03227807548501005e-04 1.85662219223559077e-03 7.19084177035256289e-04 -4.00141415184407379e-05 1.04772413055798097e-03 3.37762637059313420e-04 -2.80225917776988354e-05 -1.73395164893008769e-09 2.38530041769990930e-04
0
0
1 0
0 4 5 6 8 10 12 14 16 18 18 18 18 18 18 18 18 18 21 22 23 25 27 27 27 27 27 30 31 32 34 36 36 36 36 36 40 41 42 42 42 46 47 48 48 48 52 52 52 54 54 54 56 56 56 58 58 58 58 58
17 26 1 2 3 4 5 6 7 8 9 10 11 12 13 14 15 16 35 18 19 20 21 22 23 24 25 40 27 28 29 30 31 32 33 34 45 48 36 37 38 39 51 54 41 42 43 44 57 58 46 47 49 50 52 53 55 56
1 59 1 -6.37354720937164075e+02 -6.37548914576038101e+02 -6.37290225700909104e+02 -6.37414286892000518e+02 -6.37316857595774650e+02 -6.37460302497294151e+02 -6.37380624196351505e+02 -6.37333950529539152e+02 -6.37302514706277179e+02 -6.37495669549881427e+02 -6.37434967701137225e+02 -6.37396407817280533e+02 -6.37366843170613947e+02 -6.37343826844670048e+02 -6.37324999695481438e+02 -6.37309396680590680e+02 -6.37296144721889505e+02 -6.37550298824936363e+02 -6.37846999402553024e+02 -6.37462050861287935e+02 -6.37635149293706263e+02 -6.37498513018407152e+02 -6.37706901559875632e+02 -6.37586530273782273e+02 -6.37521848100563830e+02 -6.37478917235091217e+02 -6.37289481095074962e+02 -6.37459922006377951e+02 -6.37229185457461426e+02 -6.37343826980726590e+02 -6.37254156502819455e+02 -6.37385145742412305e+02 -6.37313477547516413e+02 -6.37270167135682982e+02 -6.37240716303773070e+02 -6.37414537127264339e+02 -6.37634015280077733e+02 -6.37344821821794199e+02 -6.37478876021986707e+02 -6.37373745736819728e+02 -6.37316483587528865e+02 -6.37496754761252078e+02 -6.37254432679160345e+02 -6.37373121493301824e+02 -6.37280081718171800e+02 -6.37460950313253761e+02 -6.37706165126949941e+02 -6.37386538164079639e+02 -6.37380596553034366e+02 -6.37585118381573238e+02 -6.37314194509979416e+02 -6.37333745640154348e+02 -6.37520258962275875e+02 -6.37270512581984008e+02 -6.37301934617171355e+02 -6.37476952897047340e+02 -6.37240789366772219e+02 -6.37505624570829013e+02 -6.37437505190217280e+02
custom
2.00000000000000011e-01 3.00000000000000000e+00
2.00000000000000011e-01 3.00000000000000000e+00
TASMANIAN SG end
