TASMANIAN SG 4.0
WARNING: do not edit this manually
localpolynomial
2 1 1 4
localp
1 2 55 0 0 0 1 0 2 0 3 0 4 0 5 0 6 0 7 0 8 0 9 0 10 0 11 0 12 0 13 0 14 0 15 0 16 1 0 1 1 1 2 1 3 1 4 1 5 1 6 1 7 1 8 2 0 2 1 2 2 2 3 2 4 2 5 2 6 2 7 2 8 3 0 3 1 3 2 3 3 3 4 4 0 4 1 4 2 4 3 4 4 5 0 5 1 5 2 6 0 6 1 6 2 7 0 7 1 8 0 8 1
1  -5.04709452415418980e+02 -8.05832409556899165e-01 2.43621916894539936e-01 1.64904115596016254e-01 2.23984651210002994e-02 9.29891252390007139e-02 1.70857145345166828e-02 7.68936868047376265e-03 3.94701104477235276e-03 4.05773123986250539e-02 1.03368773152396898e-02 4.75740364578314257e-03 3.55660843251826009e-03 2.20013523187390092e-03 1.62096515902021565e-03 1.11215825694443993e-03 8.65637196397983644e-04 -8.08245709602829265e-01 -4.71528620640697227e-01 9.89593414945488803e-02 1.33125265030457740e-01 8.03178362897938314e-03 7.11094895579833519e-02 9.97326996227343443e-03 2.73702286466459555e-03 1.36309736674888882e-03 2.45445469283026796e-01 9.89593432499304981e-02 -1.50980048072142381e-02 -2.74355560972026069e-02 -1.56948681757285158e-03 -1.86958789708739914e-02 -3.35773698722618974e-03 -7.30027281719003440e-04 -2.46952918104170749e-04 1.65903811772182053e-01 1.33125264995385351e-01 -2.74355551645157902e-02 -3.30064600408945807e-02 -2.83040762276698388e-03 2.25458655196462132e-02 8.03178278420091374e-03 -1.34225084462968880e-03 -2.83040705707549023e-03 -9.78617251519153797e-05 9.33887505941015661e-02 7.11094895044936948e-02 -1.86958777174197621e-02 1.72960646875139901e-02 9.97326992884950414e-03 -3.35773654350646211e-03 7.73574109979335844e-03 2.73702284377463911e-03 4.02805361210312185e-03 1.36309666484635272e-03
0
0
1 0
0 4 5 6 8 10 12 14 16 18 18 18 18 18 18 18 18 18 21 22 23 25 27 27 27 27 27 30 31 32 34 36 36 36 36 36 40 41 42 42 42 46 47 48 48 48 50 50 50 52 52 52 53 53 54 54
17 26 1 2 3 4 5 6 7 8 9 10 11 12 13 14 15 16 35 18 19 20 21 22 23 24 25 40 27 28 29 30 31 32 33 34 45 48 36 37 38 39 51 53 41 42 43 44 46 47 49 50 52 54
1 55 1 -5.04709452415418980e+02 -5.05515284824975879e+02 -5.04465830498524440e+02 -5.04947464504601385e+02 -5.04565242991850710e+02 -5.05138385539549688e+02 -5.04811372745475637e+02 -5.04629658334954343e+02 -5.04511589734142831e+02 -5.05286257869864130e+02 -5.05032588144760325e+02 -5.04874661221392728e+02 -5.04756855972014762e+02 -5.04667355239954816e+02 -5.04595829698243506e+02 -5.04537304204739826e+02 -5.04487844479137152e+02 -5.05517698125021809e+02 -5.06795059155219406e+02 -5.05175116866632720e+02 -5.05858349259494162e+02 -5.05315977247077285e+02 -5.06162605592559771e+02 -5.05660964707761138e+02 -5.05406411294504380e+02 -5.05240236948443510e+02 -5.04464006946135953e+02 -5.05170880012442922e+02 -5.04235483034048627e+02 -5.04679974919790595e+02 -5.04328916011788863e+02 -5.04851134219848632e+02 -5.04558262955416012e+02 -5.04389502137563682e+02 -5.04278499464792048e+02 -5.04947671458448212e+02 -5.05856142913330075e+02 -5.04682005425970885e+02 -5.05203446897818822e+02 -5.04791254492896826e+02 -5.04564183815257820e+02 -5.05312504770405553e+02 -5.04329453151611517e+02 -5.04789988362341376e+02 -5.04425302623447578e+02 -5.05139296041140881e+02 -5.06161102794176202e+02 -5.04853868273425121e+02 -5.04811265872246054e+02 -5.05658444534536613e+02 -5.04559979634103684e+02 -5.04629082374238635e+02 -5.05403422033747177e+02 -5.04510067327084812e+02 -5.05236301241147260e+02
custom
2.00000000000000011e-01 3.00000000000000000e+00
2.00000000000000011e-01 3.00000000000000000e+00
TASMANIAN SG end
