TASMANIAN SG 4.0
WARNING: do not edit this manually
localpolynomial
2 1 1 4
localp
1 2 55 0 0 0 1 0 2 0 3 0 4 0 5 0 6 0 7 0 8 0 9 0 10 0 11 0 12 0 13 0 14 0 15 0 16 1 0 1 1 1 2 1 3 1 4 1 5 1 6 1 7 1 8 2 0 2 1 2 2 2 3 2 4 2 5 2 6 2 7 2 8 3 0 3 1 3 2 3 3 3 4 4 0 4 1 4 2 4 3 4 4 5 0 5 1 5 2 6 0 6 1 6 2 7 0 7 1 8 0 8 1
1  -6.65163886798282419e+02 -7.51576113502778753e-02 2.64344977194923558e-02 1.39901140778420086e-02 2.19421420240450971e-03 7.88958650548465812e-03 1.44243209456362820e-03 7.01611999829765409e-04 4.14290841035835911e-04 3.26055235336752958e-03 8.65507067146609188e-04 3.88947964438557392e-04 3.10916009766515344e-04 1.93175200593032059e-04 1.55872221625941165e-04 1.15698910008177336e-04 9.16503129246848403e-05 -7.58840139017138426e-02 -3.69065423813026428e-02 9.22328966828445118e-03 8.63977289930062398e-03 8.28728177737048100e-04 4.12040692026494071e-03 8.45114837261462526e-04 2.93623725610814290e-04 1.34904648291467311e-04 2.67702351590060061e-02 9.22328970909802592e-03 -1.74621738960922812e-03 -2.56110115594765375e-03 -1.77630696725827875e-04 -1.68847801063520819e-03 -2.59858985657501762e-04 -7.23127579931315267e-05 -3.07288767089630710e-05 1.41921922388519306e-02 8.63977289714057406e-03 -2.56110112297847081e-03 -1.47581165850851903e-03 -2.64207827939344497e-04 2.18786594996345229e-03 8.28728160911396117e-04 -1.37283952483358007e-04 -2.64207812762151661e-04 -9.75726462115744653e-06 7.97596515008081042e-03 4.12040691736592635e-03 -1.68847795151805258e-03 1.52457275225970079e-03 8.45114835954063892e-04 -2.59858979177352012e-04 7.09887304424228205e-04 2.93623725355018905e-04 4.18258194940790418e-04 1.34904638144917044e-04
0
0
1 0
0 4 5 6 8 10 12 14 16 18 18 18 18 18 18 18 18 18 21 22 23 25 27 27 27 27 27 30 31 32 34 36 36 36 36 36 40 41 42 42 42 46 47 48 48 48 50 50 50 52 52 52 53 53 54 54
17 26 1 2 3 4 5 6 7 8 9 10 11 12 13 14 15 16 35 18 19 20 21 22 23 24 25 40 27 28 29 30 31 32 33 34 45 48 36 37 38 39 51 53 41 42 43 44 46 47 49 50 52 54
1 55 1 -6.65163886798282419e+02 -6.65239044409632697e+02 -6.65137452300562927e+02 -6.65187475489879716e+02 -6.65148475335220269e+02 -6.65205370363250722e+02 -6.65174238711986504e+02 -6.65155479454751458e+02 -6.65142549527050505e+02 -6.65218946834088456e+02 -6.65195557419498073e+02 -6.65180468152968729e+02 -6.65168751839124752e+02 -6.65159489951316345e+02 -6.65151821522764294e+02 -6.65145396732225436e+02 -6.65139909263493792e+02 -6.65239770812184133e+02 -6.65351834965915714e+02 -6.65204113024796357e+02 -6.65273173002072781e+02 -6.65218918976110103e+02 -6.65300493990568498e+02 -6.65254184360196632e+02 -6.65228349658421621e+02 -6.65210966804963846e+02 -6.65137116563123413e+02 -6.65203050884764593e+02 -6.65112428282793530e+02 -6.65158654711022109e+02 -6.65122755839452793e+02 -6.65174651689398502e+02 -6.65146703063963855e+02 -6.65129306902046210e+02 -6.65117208499158778e+02 -6.65187636612994424e+02 -6.65272607722638213e+02 -6.65159151571563825e+02 -6.65213287978947392e+02 -6.65171049721815734e+02 -6.65148313814752896e+02 -6.65218031053087770e+02 -6.65122889709680749e+02 -6.65170727078233199e+02 -6.65133506120627430e+02 -6.65205727747439141e+02 -6.65300124972209574e+02 -6.65175344810981414e+02 -6.65174237132886219e+02 -6.65253456378547298e+02 -6.65147037222290351e+02 -6.65155390419213290e+02 -6.65227534220330426e+02 -6.65142296930743214e+02 -6.65209987806093068e+02
custom
2.00000000000000011e-01 3.00000000000000000e+00
2.00000000000000011e-01 3.00000000000000000e+00
TASMANIAN SG end
