TASMANIAN SG 4.0
WARNING: do not edit this manually
localpolynomial
2 1 1 4
localp
1 2 55 0 0 0 1 0 2 0 3 0 4 0 5 0 6 0 7 0 8 0 9 0 10 0 11 0 12 0 13 0 14 0 15 0 16 1 0 1 1 1 2 1 3 1 4 1 5 1 6 1 7 1 8 2 0 2 1 2 2 2 3 2 4 2 5 2 6 2 7 2 8 3 0 3 1 3 2 3 3 3 4 4 0 4 1 4 2 4 3 4 4 5 0 5 1 5 2 6 0 6 1 6 2 7 0 7 1 8 0 8 1
1  -6.69021514711421560e+02 -5.92747809030242934e-02 2.11362305690272478e-02 1.09289068183215932e-02 1.73214333551641175e-03 6.14826732453366276e-03 1.12677816468931269e-03 5.51493464399754885e-04 3.29363223272594041e-04 2.53391338696928869e-03 6.75963799494638806e-04 3.04303960433571774e-04 2.43036065057822270e-04 1.51812875856194296e-04 1.22639252253975428e-04 9.17115154379644082e-05 7.30674552187338122e-05 -5.98836807187126396e-02 -2.85714658550659806e-02 7.28405470715642878e-03 6.55414655795993895e-03 6.60322532041845989e-04 3.09913853595844557e-03 6.54619861506944289e-04 2.33899804698012304e-04 1.07377627784899232e-04 2.14077665239074122e-02 7.28405473557813821e-03 -1.39944698264571343e-03 -2.01183783207170563e-03 -1.41802318864847621e-04 -1.31017710265268761e-03 -2.03404943249552161e-04 -5.72230613329338667e-05 -2.47333304059793591e-05 1.10919248271557080e-02 6.55414655636832322e-03 -2.01183780791325262e-03 -1.08161625269076467e-03 -2.05222251651093757e-04 1.72640703419801866e-03 6.60322520161571447e-04 -1.09150215848785592e-04 -2.05222241362434943e-04 -8.43496664515441807e-06 6.22099911856821564e-03 3.09913853425314301e-03 -1.31017705882641167e-03 1.19560282041675237e-03 6.54619860483762750e-04 -2.03404939270512841e-04 5.58132077003392624e-04 2.33899805039072817e-04 3.31727189404773526e-04 1.07377621247906063e-04
0
0
1 0
0 4 5 6 8 10 12 14 16 18 18 18 18 18 18 18 18 18 21 22 23 25 27 27 27 27 27 30 31 32 34 36 36 36 36 36 40 41 42 42 42 46 47 48 48 48 50 50 50 52 52 52 53 53 54 54
17 26 1 2 3 4 5 6 7 8 9 10 11 12 13 14 15 16 35 18 19 20 21 22 23 24 25 40 27 28 29 30 31 32 33 34 45 48 36 37 38 39 51 53 41 42 43 44 46 47 49 50 52 54
1 55 1 -6.69021514711421560e+02 -6.69080789492324584e+02 -6.69000378480852532e+02 -6.69040223195054750e+02 -6.69009214452801530e+02 -6.69054358076365133e+02 -6.69029742175073466e+02 -6.69014813088647202e+02 -6.69004467103603702e+02 -6.69065039870957889e+02 -6.69046614671910447e+02 -6.69034678381103618e+02 -6.69025385407182512e+02 -6.69018012087158468e+02 -6.69011891131472112e+02 -6.69006749066687235e+02 -6.69002349724772898e+02 -6.69081398392140272e+02 -6.69169244638898363e+02 -6.69052978106864089e+02 -6.69107838462143036e+02 -6.69064795783634622e+02 -6.69129294144660207e+02 -6.69092837029115572e+02 -6.69072311694618293e+02 -6.69058450204398241e+02 -6.69000106944897652e+02 -6.69052097671065098e+02 -6.68980370161311271e+02 -6.69017185238995125e+02 -6.68988648212087810e+02 -6.69029803364808117e+02 -6.69007722718725063e+02 -6.68993883308089721e+02 -6.68984204556806617e+02 -6.69040364626953760e+02 -6.69107370994227949e+02 -6.69017598206839011e+02 -6.69060743446746301e+02 -6.69027124334546556e+02 -6.69009084421125408e+02 -6.69064056852140425e+02 -6.68988757064263609e+02 -6.69026852870971993e+02 -6.68997267935485070e+02 -6.69054660510428448e+02 -6.69128987678910448e+02 -6.69030377334791865e+02 -6.69029744066367243e+02 -6.69092230020595252e+02 -6.69007996145964626e+02 -6.69014741434196480e+02 -6.69071631140350519e+02 -6.69004263955822239e+02 -6.69057638156792109e+02
custom
2.00000000000000011e-01 3.00000000000000000e+00
2.00000000000000011e-01 3.00000000000000000e+00
TASMANIAN SG end
