TASMANIAN SG 4.0
WARNING: do not edit this manually
localpolynomial
2 1 1 4
localp
1 2 55 0 0 0 1 0 2 0 3 0 4 0 5 0 6 0 7 0 8 0 9 0 10 0 11 0 12 0 13 0 14 0 15 0 16 1 0 1 1 1 2 1 3 1 4 1 5 1 6 1 7 1 8 2 0 2 1 2 2 2 3 2 4 2 5 2 6 2 7 2 8 3 0 3 1 3 2 3 3 3 4 4 0 4 1 4 2 4 3 4 4 5 0 5 1 5 2 6 0 6 1 6 2 7 0 7 1 8 0 8 1
1  -5.69435822972786923e+02 -5.01523216477835376e-01 1.56617920860185222e-01 1.00647996358816272e-01 1.41806718557972999e-02 5.70301128394703483e-02 1.04347713025845223e-02 4.79306759223163681e-03 2.52036027995927725e-03 2.45067090304473822e-02 6.27678305829704186e-03 2.86540039712690486e-03 2.19384155434454442e-03 1.35048708386875660e-03 1.02847276389184117e-03 7.11167972781368007e-04 5.53233637447192450e-04 -5.03739262228464213e-01 -2.83728900391110983e-01 6.14287374247624030e-02 7.73988983044660017e-02 5.07033329887462969e-03 4.02280193059709745e-02 6.17339946074935142e-03 1.74553572736613205e-03 8.54754710644556326e-04 1.58056913566838375e-01 6.14287382296652140e-02 -9.90708321944566705e-03 -1.71097840336074114e-02 -1.04961962205152304e-03 -1.18656303743591707e-02 -1.97347418969684441e-03 -4.75695111049390107e-04 -1.64625075456115155e-04 1.01417374621519230e-01 7.73988982848550222e-02 -1.71097835724367542e-02 -1.77290653863053649e-02 -1.79562987611348035e-03 1.42503483817790766e-02 5.07033292245750999e-03 -8.58717820790388942e-04 -1.79562960551038486e-03 -5.56002372036346060e-05 5.73667643402586691e-02 4.02280192756165889e-02 -1.18656296944550377e-02 1.06747504266877513e-02 6.17339944466266388e-03 -1.97347398926694950e-03 4.82620070658867917e-03 1.74553572006175273e-03 2.58175611111255421e-03 8.54754416508285431e-04
0
0
1 0
0 4 5 6 8 10 12 14 16 18 18 18 18 18 18 18 18 18 21 22 23 25 27 27 27 27 27 30 31 32 34 36 36 36 36 36 40 41 42 42 42 46 47 48 48 48 50 50 50 52 52 52 53 53 54 54
17 26 1 2 3 4 5 6 7 8 9 10 11 12 13 14 15 16 35 18 19 20 21 22 23 24 25 40 27 28 29 30 31 32 33 34 45 48 36 37 38 39 51 53 41 42 43 44 46 47 49 50 52 54
1 55 1 -5.69435822972786923e+02 -5.69937346189264758e+02 -5.69279205051926738e+02 -5.69585936584667024e+02 -5.69343333340500976e+02 -5.69704611274126364e+02 -5.69500445007424332e+02 -5.69384785089051775e+02 -5.69308748835933898e+02 -5.69796472022665057e+02 -5.69638997146338511e+02 -5.69540325395648551e+02 -5.69465940148551226e+02 -5.69408953543835537e+02 -5.69363030742012370e+02 -5.69325329920244712e+02 -5.69293423710292927e+02 -5.69939562235015387e+02 -5.70724814351884334e+02 -5.69721515576730440e+02 -5.70154141398786578e+02 -5.69811287900718185e+02 -5.70342219743190071e+02 -5.70030243646137706e+02 -5.69868886464547131e+02 -5.69763026623733822e+02 -5.69277766059220085e+02 -5.69717860537468255e+02 -5.69131055221579345e+02 -5.69414275086018961e+02 -5.69191279588166026e+02 -5.69520903329278440e+02 -5.69337559275506578e+02 -5.69230205451211759e+02 -5.69158811669668125e+02 -5.69586275229279636e+02 -5.70152263997668115e+02 -5.69416052723279449e+02 -5.69747651233349188e+02 -5.69486243767650421e+02 -5.69342544167621782e+02 -5.69808282682062327e+02 -5.69191738506191996e+02 -5.69485115950105524e+02 -5.69253541075099406e+02 -5.69705551967807196e+02 -5.70340944391160406e+02 -5.69523283015359084e+02 -5.69500374350606648e+02 -5.70027956943595086e+02 -5.69338927611165786e+02 -5.69384357369497820e+02 -5.69866242699236864e+02 -5.69307573357309707e+02 -5.69759635099237585e+02
custom
2.00000000000000011e-01 3.00000000000000000e+00
2.00000000000000011e-01 3.00000000000000000e+00
TASMANIAN SG end
