TASMANIAN SG 4.0
WARNING: do not edit this manually
localpolynomial
2 1 1 4
localp
1 2 55 0 0 0 1 0 2 0 3 0 4 0 5 0 6 0 7 0 8 0 9 0 10 0 11 0 12 0 13 0 14 0 15 0 16 1 0 1 1 1 2 1 3 1 4 1 5 1 6 1 7 1 8 2 0 2 1 2 2 2 3 2 4 2 5 2 6 2 7 2 8 3 0 3 1 3 2 3 3 3 4 4 0 4 1 4 2 4 3 4 4 5 0 5 1 5 2 6 0 6 1 6 2 7 0 7 1 8 0 8 1
1  -6.10852833123505093e+02 -3.12095258062413450e-01 1.00564764448563437e-01 6.14562300887655510e-02 8.94113469473722944e-03 3.48905544450417437e-02 6.36451745867816499e-03 2.97290186938425904e-03 1.60967821159374580e-03 1.48008505860843798e-02 3.81918463119745866e-03 1.72970208905098843e-03 1.35045025035651634e-03 8.28494927873180131e-04 6.47098988793004537e-04 4.54484351166684064e-04 3.53178055547687109e-04 -3.13904127959744983e-01 -1.70608123213469298e-01 3.81754727225143142e-02 4.48846861153242571e-02 3.21613567575695924e-03 2.27577896525872347e-02 3.79291828971872746e-03 1.11978067133122750e-03 5.36648533000061434e-04 1.01624120798760487e-01 3.81754730980219392e-02 -6.48104499634882814e-03 -1.06791818872693511e-02 -6.84097181931520026e-04 -7.41012608943947271e-03 -1.17193701424866958e-03 -3.00286607114230719e-04 -1.09488045268335554e-04 6.20993012779536002e-02 4.48846861042397904e-02 -1.06791816554618890e-02 -9.52297499426890681e-03 -1.13122825914047098e-03 8.96439444386487594e-03 3.21613550534038950e-03 -5.52711863520016777e-04 -1.13122812931010230e-03 -3.19727790554225066e-05 3.51107817974707359e-02 2.27577896354489440e-02 -7.41012572072463627e-03 6.54410201127575419e-03 3.79291828241434814e-03 -1.17193692531714078e-03 2.99741388414531684e-03 1.11978066928486442e-03 1.64818928999466152e-03 5.36648407830853102e-04
0
0
1 0
0 4 5 6 8 10 12 14 16 18 18 18 18 18 18 18 18 18 21 22 23 25 27 27 27 27 27 30 31 32 34 36 36 36 36 36 40 41 42 42 42 46 47 48 48 48 50 50 50 52 52 52 53 53 54 54
17 26 1 2 3 4 5 6 7 8 9 10 11 12 13 14 15 16 35 18 19 20 21 22 23 24 25 40 27 28 29 30 31 32 33 34 45 48 36 37 38 39 51 53 41 42 43 44 46 47 49 50 52 54
1 55 1 -6.10852833123505093e+02 -6.11164928381567506e+02 -6.10752268359056529e+02 -6.10947424522447477e+02 -6.10793609606586074e+02 -6.11021285897562393e+02 -6.10893764305517607e+02 -6.10820248463176085e+02 -6.10771329304609708e+02 -6.11078306288978865e+02 -6.10980536025373908e+02 -6.10918864711893548e+02 -6.10871948264260936e+02 -6.10835712298412773e+02 -6.10806281935892457e+02 -6.10782014971246781e+02 -6.10761445653777628e+02 -6.11166737251464838e+02 -6.11649440632740721e+02 -6.11027997014293760e+02 -6.11301748025898632e+02 -6.11085209862508805e+02 -6.11417945985221991e+02 -6.11224085202933338e+02 -6.11121880874446106e+02 -6.11054457111656689e+02 -6.10751209002706332e+02 -6.11025128787670724e+02 -6.10657125283254118e+02 -6.10837391846986975e+02 -6.10695910105467419e+02 -6.10903779888973304e+02 -6.10789107844402338e+02 -6.10720886938824606e+02 -6.10675017504194443e+02 -6.10947685886206955e+02 -6.11300200519771920e+02 -6.10838712567052653e+02 -6.11049567604837193e+02 -6.10883781252356357e+02 -6.10793056668661848e+02 -6.11082848054669853e+02 -6.10696285138574922e+02 -6.10882966950650143e+02 -6.10736103790293669e+02 -6.11022100787038539e+02 -6.11416952004823315e+02 -6.10905654134596375e+02 -6.10893715402844691e+02 -6.11222227430376051e+02 -6.10790118297968547e+02 -6.10819947482199382e+02 -6.11119771023565249e+02 -6.10770484646394152e+02 -6.11051803583472520e+02
custom
2.00000000000000011e-01 3.00000000000000000e+00
2.00000000000000011e-01 3.00000000000000000e+00
TASMANIAN SG end
