TASMANIAN SG 4.0
WARNING: do not edit this manually
localpolynomial
2 1 1 4
localp
1 2 59 0 0 0 1 0 2 0 3 0 4 0 5 0 6 0 7 0 8 0 9 0 10 0 11 0 12 0 13 0 14 0 15 0 16 1 0 1 1 1 2 1 3 1 4 1 5 1 6 1 7 1 8 2 0 2 1 2 2 2 3 2 4 2 5 2 6 2 7 2 8 3 0 3 1 3 2 3 3 3 4 4 0 4 1 4 2 4 3 4 4 5 0 5 1 5 2 6 0 6 1 6 2 7 0 7 1 7 2 8 0 8 1 8 2 9 0 10 0
1  -4.59754389862091216e+02 -1.02141121839866855e+00 3.03714487542151801e-01 2.11135202232640040e-01 2.81073255120531940e-02 1.18620582928826934e-01 2.18465341854425787e-02 9.71381984697927692e-03 4.93999955256185785e-03 5.22134526137847388e-02 1.32786294828974860e-02 6.13129152526425969e-03 4.52581256365647278e-03 2.80517272364022574e-03 2.02823030264198678e-03 1.39198584588484664e-03 1.08130962433961031e-03 -1.02372337473656216e+00 -6.07734894262762282e-01 1.25649122032655214e-01 1.74409639975351638e-01 1.01302635186470980e-02 9.45425028606621254e-02 1.26396938805157788e-02 3.44118294472650632e-03 1.72130121134728142e-03 3.05688064374237456e-01 1.25649124642905008e-01 -1.85945871905914828e-02 -3.47841841837066568e-02 -1.89719210050043330e-03 -2.32908612203743814e-02 -4.39476436716290664e-03 -8.87986008422103623e-04 -3.02972065753692732e-04 2.12241428703805468e-01 1.74409639928313709e-01 -3.47841828493926641e-02 -4.50355511298567990e-02 -3.55267795275437948e-03 2.83022450664702774e-02 1.01302622462355885e-02 -1.66616682341214073e-03 -3.55267713466389523e-03 -1.28867236711016631e-04 1.19033585281954402e-01 9.45425027893662673e-02 -2.32908595184397882e-02 2.19947991392359654e-02 1.26396938320993968e-02 -4.39476371037983427e-03 9.77046817615701002e-03 3.44118290927042381e-03 -2.25824019096876327e-04 5.02476329404544231e-03 1.72130012141735733e-03 -1.34578208061952864e-04 -1.73378111867350526e-09 1.32259876971829726e-03
0
0
1 0
0 4 5 6 8 10 12 14 16 18 18 18 18 18 18 18 18 18 21 22 23 25 27 27 27 27 27 30 31 32 34 36 36 36 36 36 40 41 42 42 42 46 47 48 48 48 52 52 52 54 54 54 56 56 56 58 58 58 58 58
17 26 1 2 3 4 5 6 7 8 9 10 11 12 13 14 15 16 35 18 19 20 21 22 23 24 25 40 27 28 29 30 31 32 33 34 45 48 36 37 38 39 51 54 41 42 43 44 57 58 46 47 49 50 52 53 55 56
1 59 1 -4.59754389862091216e+02 -4.60775801080489884e+02 -4.59450675374549064e+02 -4.60053960269057882e+02 -4.59574425292808087e+02 -4.60296260091845056e+02 -4.59882328531389135e+02 -4.59654693757602672e+02 -4.59507610334125957e+02 -4.60483817133553714e+02 -4.60161831550968600e+02 -4.59962013108698216e+02 -4.59813833384176462e+02 -4.59701736637123304e+02 -4.59612531294902737e+02 -4.59539625827621194e+02 -4.59478061544713171e+02 -4.60778113236827778e+02 -4.62407259349489209e+02 -4.60348749627252971e+02 -4.61207141450950530e+02 -4.60525193843009674e+02 -4.61594037314430352e+02 -4.60958141115823196e+02 -4.60638498537127077e+02 -4.60430310434367357e+02 -4.59448701797716978e+02 -4.60344463891472742e+02 -4.59163581897365418e+02 -4.59720231826545955e+02 -4.59279931714129646e+02 -4.59937018137300868e+02 -4.59567015042313187e+02 -4.59355490922084755e+02 -4.59217119778260724e+02 -4.60054010120755663e+02 -4.61204879146357428e+02 -4.59722255255046605e+02 -4.60376140162466072e+02 -4.59858512908582554e+02 -4.59573243584837655e+02 -4.60521699978668607e+02 -4.59280492557714183e+02 -4.59857281348747051e+02 -4.59399838209050813e+02 -4.60297028093509766e+02 -4.61592493159851983e+02 -4.59939759715386288e+02 -4.59882205192284232e+02 -4.60955705620452306e+02 -4.59568865279368993e+02 -4.59654046255288279e+02 -4.60635538878493833e+02 -4.59356039321974549e+02 -4.59505947927983243e+02 -4.60426335871655226e+02 -4.59217147042453803e+02 -4.60537570666902582e+02 -4.60174196508363025e+02
custom
2.00000000000000011e-01 3.00000000000000000e+00
2.00000000000000011e-01 3.00000000000000000e+00
TASMANIAN SG end
